N                   l2                  I1                  I2                  I3                  q                   F1                  F2                  F3                  Ma                  M1                  M2                  M3                  M4                  M5                  X1                  X2                  
==============================================================================================================
1.0                 3.5                 3e-05               2e-05               1e-05               5500.0              100.0               13000.0             1000.0              2825.0              10188.6363636       -5175.0             -3250.0             -1500.0             0.0                 1195.62756291       1632.15586212       7363.63636364       -8000.0             -5314.42307692      -2803.84615385      -651.923076923      
2.0                 3.5                 2e-05               1e-05               1e-05               5500.0              9600.0              17000.0             1000.0              2200.0              4472.72727273       -21800.0            -3250.0             -1500.0             0.0                 -363.972826609      1022.8898965        2272.72727273       -24000.0            -4857.69230769      -2515.38461538      -507.692307692      
3.0                 2.0                 4e-05               3e-05               4e-05               4500.0              5600.0              14000.0             3000.0              3900.0              5677.77777778       -16100.0            -7500.0             -4500.0             0.0                 1032.61356613       2726.0844793        1777.77777778       -20000.0            -10620.0            -6840.0             -1170.0             
4.0                 2.5                 1e-05               3e-05               4e-05               6500.0              7100.0              17000.0             1000.0              3125.0              9355.76923077       -12875.0            -2750.0             -1500.0             0.0                 1753.13026998       2899.94504968       6230.76923077       -16000.0            -5164.77272727      -3204.54545455      -852.272727273      
5.0                 2.5                 2e-05               3e-05               2e-05               5000.0              7600.0              19000.0             3500.0              12500.0             12600.0             -23500.0            -9625.0             -5250.0             0.0                 1737.34954759       4030.67332447       100.0               -36000.0            -19284.0909091      -12068.1818182      -3409.09090909      
6.0                 2.0                 1e-05               2e-05               1e-05               5500.0              5600.0              17000.0             3000.0              7900.0              10172.7272727       -16100.0            -7500.0             -4500.0             0.0                 2066.40466531       3398.90762339       2272.72727273       -24000.0            -13820.0            -9240.0             -2370.0             
7.0                 2.0                 3e-05               4e-05               4e-05               6000.0              100.0               14000.0             1500.0              2650.0              10983.3333333       -5350.0             -3750.0             -2250.0             -1.81898940355e-12  2206.64161593       2471.51945396       8333.33333333       -8000.0             -5870.0             -3840.0             -795.0              
8.0                 2.5                 3e-05               1e-05               4e-05               7000.0              600.0               15000.0             2000.0              -4750.0             7321.42857143       -8750.0             -5500.0             -3000.0             1.81898940355e-12   890.231826744       2049.76179145       12071.4285714       -4000.0             -1829.54545455      -409.090909091      1295.45454545       
9.0                 3.5                 2e-05               3e-05               3e-05               3500.0              1600.0              11000.0             1500.0              5700.0              6985.71428571       -10300.0            -4875.0             -2250.0             0.0                 999.125451908       2227.16107708       1285.71428571       -16000.0            -9040.38461538      -4880.76923077      -1315.38461538      
10.0                2.0                 1e-05               4e-05               1e-05               3000.0              100.0               9000.0              2000.0              4900.0              6400.0              -7100.0             -5000.0             -3000.0             0.0                 1400.96774194       1975.28225806       1500.0              -12000.0            -8920.0             -5940.0             -1470.0             
11.0                3.5                 4e-05               3e-05               4e-05               5500.0              600.0               19000.0             3000.0              15950.0             16768.1818182       -16050.0            -9750.0             -4500.0             3.63797880709e-12   2231.16631761       4471.66349209       818.181818182       -32000.0            -21405.7692308      -11861.5384615      -3680.76923077      
12.0                2.0                 2e-05               4e-05               1e-05               6500.0              1100.0              19000.0             6500.0              150.0               3919.23076923       -23850.0            -16250.0            -9750.0             -3.63797880709e-12  532.837867486       2823.1886244        3769.23076923       -24000.0            -16370.0            -9840.0             -45.0               
13.0                2.0                 2e-05               4e-05               4e-05               5500.0              3600.0              19000.0             1500.0              23150.0             23968.1818182       -8850.0             -3750.0             -2250.0             3.63797880709e-12   5320.53116311       5945.57677827       818.181818182       -32000.0            -22270.0            -16140.0            -6945.0             
14.0                3.0                 3e-05               3e-05               1e-05               5000.0              1100.0              19000.0             3500.0              18600.0             18700.0             -17400.0            -10500.0            -5250.0             0.0                 2242.43794638       3681.13804004       100.0               -36000.0            -24450.0            -14550.0            -4650.0             
15.0                2.0                 1e-05               4e-05               1e-05               6000.0              1600.0              18000.0             5000.0              4900.0              7900.0              -19100.0            -12500.0            -7500.0             0.0                 1655.0              3471.25             3000.0              -24000.0            -16420.0            -10440.0            -1470.0             
16.0                2.0                 3e-05               3e-05               3e-05               4500.0              6100.0              17000.0             5000.0              8400.0              8511.11111111       -23600.0            -12500.0            -7500.0             0.0                 1331.60828025       4017.80785563       111.111111111       -32000.0            -19220.0            -12540.0            -2520.0             
17.0                2.0                 2e-05               2e-05               2e-05               6500.0              1600.0              17000.0             1500.0              9150.0              15380.7692308       -6850.0             -3750.0             -2250.0             0.0                 3290.20700637       3600.92555732       6230.76923077       -16000.0            -11070.0            -7740.0             -2745.0             
18.0                2.0                 2e-05               1e-05               2e-05               5500.0              1600.0              13000.0             1500.0              1150.0              8513.63636364       -6850.0             -3750.0             -2250.0             0.0                 1606.65099558       2230.35467367       7363.63636364       -8000.0             -4670.0             -2940.0             -345.0              
19.0                2.0                 2e-05               2e-05               3e-05               4500.0              9600.0              14000.0             2000.0              3400.0              5177.77777778       -16600.0            -5000.0             -3000.0             0.0                 914.321192053       2489.37293046       1777.77777778       -20000.0            -7720.0             -5040.0             -1020.0             
20.0                3.0                 2e-05               2e-05               1e-05               3500.0              2100.0              12000.0             1000.0              12350.0             12921.4285714       -7650.0             -3000.0             -1500.0             3.63797880709e-12   1876.26852268       2404.18584419       571.428571429       -20000.0            -12262.5            -7675.0             -3087.5             
21.0                3.5                 4e-05               4e-05               4e-05               4500.0              4100.0              14000.0             1000.0              7825.0              9602.77777778       -12175.0            -3250.0             -1500.0             0.0                 1183.17147681       2276.90784813       1777.77777778       -20000.0            -8968.26923077      -5111.53846154      -1805.76923077      
22.0                2.0                 4e-05               2e-05               3e-05               4000.0              2100.0              14000.0             4500.0              6150.0              6650.0              -17850.0            -11250.0            -6750.0             0.0                 1110.45464651       3367.82597821       500.0               -24000.0            -16170.0            -10440.0            -1845.0             
23.0                3.0                 2e-05               1e-05               3e-05               5500.0              600.0               15000.0             3500.0              -650.0              3804.54545455       -16650.0            -10500.0            -5250.0             0.0                 466.232284993       2833.21381771       4454.54545455       -16000.0            -10012.5            -4925.0             162.5               
24.0                4.0                 4e-05               2e-05               1e-05               4000.0              6100.0              12000.0             1000.0              -1700.0             300.0               -17700.0            -3500.0             -1500.0             0.0                 -883.338914936      114.837296271       2000.0              -16000.0            -2285.71428571      -771.428571429      364.285714286       
25.0                3.5                 4e-05               2e-05               3e-05               5500.0              1100.0              18000.0             1500.0              18575.0             20029.5454545       -9425.0             -4875.0             -2250.0             0.0                 2685.90487597       3985.2130189        1454.54545455       -28000.0            -18449.0384615      -10823.0769231      -4286.53846154      
26.0                2.0                 3e-05               2e-05               1e-05               7500.0              4100.0              19000.0             1000.0              8400.0              16466.6666667       -7600.0             -2500.0             -1500.0             3.63797880709e-12   3122.85849057       3089.50707547       8066.66666667       -16000.0            -9220.0             -6540.0             -2520.0             
27.0                3.0                 3e-05               1e-05               3e-05               6000.0              4100.0              18000.0             2500.0              6600.0              9600.0              -17400.0            -7500.0             -3750.0             0.0                 1046.18065536       3087.48203507       3000.0              -24000.0            -12450.0            -7050.0             -1650.0             
28.0                4.0                 1e-05               2e-05               4e-05               5500.0              1100.0              11000.0             1500.0              -10450.0            550.0               -10450.0            -5250.0             -2250.0             -1.81898940355e-12  -345.486111111      646.383101852       11000.0             0.0                 2214.28571429       2228.57142857       2239.28571429       
29.0                2.5                 3e-05               3e-05               2e-05               5500.0              100.0               17000.0             3500.0              9875.0              12147.7272727       -14125.0            -9625.0             -5250.0             0.0                 2148.7960385        3651.74084031       2272.72727273       -24000.0            -17255.6818182      -10636.3636364      -2693.18181818      
30.0                2.5                 3e-05               3e-05               1e-05               7500.0              7600.0              18000.0             3000.0              -9500.0             100.0               -21500.0            -8250.0             -4500.0             0.0                 -895.972719047      645.566014101       9600.0              -12000.0            -909.090909091      681.818181818       2590.90909091       
31.0                3.0                 3e-05               2e-05               4e-05               5500.0              5600.0              18000.0             2500.0              8350.0              9804.54545455       -19650.0            -7500.0             -3750.0             0.0                 1259.19182411       3438.60917063       1454.54545455       -28000.0            -13762.5            -7925.0             -2087.5             
32.0                2.5                 3e-05               1e-05               2e-05               4500.0              600.0               17000.0             1000.0              27250.0             27361.1111111       -4750.0             -2750.0             -1500.0             0.0                 4683.50622326       5216.32263228       111.111111111       -32000.0            -23806.8181818      -16363.6363636      -7431.81818182      
33.0                2.0                 3e-05               1e-05               2e-05               5000.0              600.0               18000.0             3500.0              19150.0             19550.0             -12850.0            -8750.0             -5250.0             0.0                 3806.94755855       5354.86733931       400.0               -32000.0            -24070.0            -16740.0            -5745.0             
34.0                2.0                 1e-05               4e-05               3e-05               4000.0              7100.0              13000.0             1000.0              9400.0              10525.0             -10600.0            -2500.0             -1500.0             0.0                 2372.32409972       3378.14958449       1125.0              -20000.0            -10020.0            -7140.0             -2820.0             
35.0                2.0                 4e-05               4e-05               1e-05               5000.0              3600.0              18000.0             2500.0              19650.0             20050.0             -12350.0            -6250.0             -3750.0             0.0                 3630.52486188       3947.95695212       400.0               -32000.0            -21970.0            -15540.0            -5895.0             
36.0                3.5                 2e-05               3e-05               3e-05               7000.0              100.0               16000.0             2000.0              -2175.0             8110.71428571       -10175.0            -6500.0             -3000.0             0.0                 1005.00683257       2158.74526708       10285.7142857       -8000.0             -4910.57692308      -1996.15384615      501.923076923       
37.0                2.5                 4e-05               2e-05               2e-05               4500.0              5100.0              15000.0             2000.0              9625.0              10625.0             -14375.0            -5500.0             -3000.0             3.63797880709e-12   1418.04977995       2647.79361732       1000.0              -24000.0            -12937.5            -8250.0             -2625.0             
38.0                2.5                 2e-05               2e-05               3e-05               4500.0              1100.0              13000.0             3500.0              625.0               3402.77777778       -15375.0            -9625.0             -5250.0             0.0                 633.833824844       2653.00167363       2777.77777778       -16000.0            -10107.9545455      -5590.90909091      -170.454545455      
39.0                3.5                 2e-05               4e-05               1e-05               5500.0              600.0               19000.0             2500.0              18450.0             19268.1818182       -13550.0            -8125.0             -3750.0             3.63797880709e-12   2544.03486048       3633.14480138       818.181818182       -32000.0            -21607.6923077      -12265.3846154      -4257.69230769      
40.0                2.5                 2e-05               2e-05               4e-05               7500.0              4100.0              19000.0             1000.0              6875.0              14941.6666667       -9125.0             -2750.0             -1500.0             3.63797880709e-12   2747.81650092       3467.8811474        8066.66666667       -16000.0            -8062.5             -5250.0             -1875.0             
41.0                4.0                 2e-05               2e-05               4e-05               4000.0              100.0               9000.0              1000.0              -1700.0             4425.0              -5700.0             -3500.0             -1500.0             0.0                 474.381067961       1230.92536408       6125.0              -4000.0             -2285.71428571      -771.428571429      364.285714286       
42.0                2.5                 3e-05               2e-05               4e-05               5000.0              2100.0              12000.0             1000.0              1375.0              7775.0              -6625.0             -2750.0             -1500.0             0.0                 1285.29232518       1893.5942393        6400.0              -8000.0             -3812.5             -2250.0             -375.0              
43.0                4.0                 1e-05               3e-05               3e-05               7000.0              2600.0              18000.0             3000.0              -5700.0             1442.85714286       -21700.0            -10500.0            -4500.0             0.0                 50.5335940445       2520.85993451       7142.85714286       -16000.0            -6428.57142857      -2057.14285714      1221.42857143       
44.0                4.0                 1e-05               2e-05               4e-05               5500.0              2600.0              13000.0             1000.0              -2700.0             4663.63636364       -10700.0            -3500.0             -1500.0             0.0                 474.817961165       1558.65190129       7363.63636364       -8000.0             -1571.42857143      -342.857142857      578.571428571       
45.0                3.0                 3e-05               1e-05               4e-05               5500.0              5600.0              18000.0             2000.0              10600.0             12054.5454545       -17400.0            -6000.0             -3000.0             0.0                 1398.62755515       3353.59460383       1454.54545455       -28000.0            -13950.0            -8300.0             -2650.0             
46.0                3.0                 1e-05               3e-05               4e-05               5000.0              2600.0              19000.0             3500.0              16350.0             16450.0             -19650.0            -10500.0            -5250.0             0.0                 2891.10563479       6011.4526531        100.0               -36000.0            -22762.5            -13425.0            -4087.5             
47.0                2.0                 3e-05               4e-05               1e-05               2500.0              3100.0              9000.0              1500.0              7650.0              7850.0              -8350.0             -3750.0             -2250.0             0.0                 1325.92119215       1732.62681777       200.0               -16000.0            -9870.0             -6840.0             -2295.0             
48.0                2.5                 1e-05               3e-05               2e-05               3500.0              600.0               11000.0             1000.0              11250.0             12535.7142857       -4750.0             -2750.0             -1500.0             0.0                 2533.97034111       2992.68704693       1285.71428571       -16000.0            -11443.1818182      -7636.36363636      -3068.18181818      
49.0                3.0                 2e-05               3e-05               3e-05               6000.0              8100.0              18000.0             1500.0              5100.0              8100.0              -18900.0            -4500.0             -2250.0             0.0                 1089.53106332       2753.40501792       3000.0              -24000.0            -8325.0             -4800.0             -1275.0             
50.0                2.0                 2e-05               3e-05               3e-05               4000.0              7100.0              14000.0             1000.0              13400.0             13900.0             -10600.0            -2500.0             -1500.0             0.0                 2858.17768595       3615.06508264       500.0               -24000.0            -13220.0            -9540.0             -4020.0             
51.0                2.0                 2e-05               1e-05               2e-05               4500.0              3100.0              17000.0             4500.0              13150.0             13261.1111111       -18850.0            -11250.0            -6750.0             0.0                 2437.5414823        4823.63223636       111.111111111       -32000.0            -21770.0            -14640.0            -3945.0             
52.0                2.0                 1e-05               4e-05               4e-05               4000.0              4600.0              15000.0             5500.0              4150.0              4275.0              -23850.0            -13750.0            -8250.0             0.0                 1086.04166667       4706.12847222       125.0               -28000.0            -17070.0            -10740.0            -1245.0             
53.0                2.0                 2e-05               1e-05               1e-05               7500.0              6600.0              18000.0             1000.0              1900.0              11500.0             -10100.0            -2500.0             -1500.0             0.0                 1878.51343785       2294.75433931       9600.0              -12000.0            -4020.0             -2640.0             -570.0              
54.0                3.0                 2e-05               3e-05               3e-05               9000.0              2600.0              19000.0             3000.0              -13400.0            2655.55555556       -17400.0            -9000.0             -4500.0             7.27595761418e-12   -260.205097571      1399.3130227        16055.5555556       -4000.0             1050.0              2200.0              3350.0              
55.0                3.0                 1e-05               3e-05               4e-05               7000.0              1600.0              19000.0             3000.0              4100.0              9885.71428571       -15900.0            -9000.0             -4500.0             0.0                 1865.40478188       3971.1645344        5785.71428571       -20000.0            -12075.0            -6550.0             -1025.0             
56.0                2.0                 4e-05               2e-05               1e-05               6500.0              2600.0              17000.0             3000.0              2900.0              9130.76923077       -13100.0            -7500.0             -4500.0             0.0                 1405.95238095       2379.66269841       6230.76923077       -16000.0            -9820.0             -6240.0             -870.0              
57.0                2.5                 2e-05               4e-05               4e-05               7000.0              600.0               18000.0             1000.0              11250.0             18392.8571429       -4750.0             -2750.0             -1500.0             3.63797880709e-12   3600.58759429       3830.91554519       7142.85714286       -16000.0            -11443.1818182      -7636.36363636      -3068.18181818      
58.0                3.5                 3e-05               2e-05               1e-05               4000.0              600.0               10000.0             1000.0              1950.0              6450.0              -6050.0             -3250.0             -1500.0             0.0                 673.956673658       1185.0152463        4500.0              -8000.0             -4675.0             -2400.0             -450.0              
59.0                2.0                 2e-05               4e-05               1e-05               5500.0              2600.0              19000.0             6000.0              8400.0              9218.18181818       -23600.0            -15000.0            -9000.0             0.0                 1488.43791136       3587.7577885        818.181818182       -32000.0            -21720.0            -14040.0            -2520.0             
60.0                2.0                 3e-05               4e-05               3e-05               5000.0              2100.0              14000.0             4000.0              -100.0              3500.0              -16100.0            -10000.0            -6000.0             0.0                 675.100401606       2467.47824632       3600.0              -16000.0            -9920.0             -5940.0             30.0                
61.0                3.0                 1e-05               1e-05               2e-05               3500.0              600.0               13000.0             3500.0              7350.0              7492.85714286       -16650.0            -10500.0            -5250.0             0.0                 1134.83198407       3612.16147841       142.857142857       -24000.0            -16012.5            -8925.0             -1837.5             
62.0                2.0                 2e-05               4e-05               2e-05               6000.0              7100.0              17000.0             1500.0              7650.0              11733.3333333       -12350.0            -3750.0             -2250.0             -3.63797880709e-12  2374.53093306       3021.96902468       4083.33333333       -20000.0            -9870.0             -6840.0             -2295.0             
63.0                2.5                 4e-05               1e-05               3e-05               4500.0              600.0               15000.0             1500.0              17250.0             18250.0             -6750.0             -4125.0             -2250.0             3.63797880709e-12   3117.85457205       4045.22182533       1000.0              -24000.0            -17454.5454545      -11659.0909091      -4704.54545455      
64.0                2.5                 3e-05               2e-05               3e-05               7500.0              3100.0              16000.0             1500.0              -5875.0             7191.66666667       -9875.0             -4125.0             -2250.0             -1.81898940355e-12  737.470000459       1558.57755456       13066.6666667       -4000.0             414.772727273       954.545454545       1602.27272727       
65.0                2.0                 4e-05               3e-05               1e-05               6500.0              2100.0              16000.0             3000.0              -600.0              7092.30769231       -12600.0            -7500.0             -4500.0             -3.63797880709e-12  998.618665903       1889.69904094       7692.30769231       -12000.0            -7020.0             -4140.0             180.0               
66.0                2.0                 4e-05               3e-05               2e-05               7000.0              3100.0              19000.0             3500.0              4650.0              10435.7142857       -15350.0            -8750.0             -5250.0             0.0                 1926.27897905       3208.29734173       5785.71428571       -20000.0            -12470.0            -8040.0             -1395.0             
67.0                2.5                 4e-05               3e-05               4e-05               3500.0              5100.0              12000.0             2000.0              5625.0              6196.42857143       -14375.0            -5500.0             -3000.0             3.63797880709e-12   831.931570154       2287.53035657       571.428571429       -20000.0            -9846.59090909      -6068.18181818      -1534.09090909      
68.0                3.0                 4e-05               1e-05               4e-05               5000.0              3100.0              19000.0             3500.0              15600.0             15700.0             -20400.0            -10500.0            -5250.0             0.0                 1541.27743179       4305.26857206       100.0               -36000.0            -22200.0            -13050.0            -3900.0             
69.0                2.5                 2e-05               4e-05               3e-05               5500.0              3600.0              19000.0             2000.0              19500.0             20318.1818182       -12500.0            -5500.0             -3000.0             3.63797880709e-12   3839.19792169       5060.89798894       818.181818182       -32000.0            -20568.1818182      -13636.3636364      -5318.18181818      
70.0                2.0                 2e-05               1e-05               2e-05               7500.0              1600.0              19000.0             4000.0              400.0               8466.66666667       -15600.0            -10000.0            -6000.0             3.63797880709e-12   1642.80973451       3546.80125369       8066.66666667       -16000.0            -10320.0            -6240.0             -120.0              
71.0                4.0                 3e-05               3e-05               3e-05               5500.0              1100.0              12000.0             1000.0              -3700.0             5390.90909091       -7700.0             -3500.0             -1500.0             0.0                 403.545673077       1127.40885417       9090.90909091       -4000.0             -857.142857143      85.7142857143       792.857142857       
72.0                2.5                 4e-05               1e-05               4e-05               7500.0              5600.0              18000.0             1000.0              1000.0              10600.0             -11000.0            -2750.0             -1500.0             0.0                 1310.9886202        2254.91027465       9600.0              -12000.0            -3522.72727273      -2045.45454545      -272.727272727      
73.0                2.5                 1e-05               4e-05               4e-05               6500.0              7600.0              17000.0             2500.0              -3500.0             2730.76923077       -19500.0            -6875.0             -3750.0             0.0                 457.143749059       2586.53805362       6230.76923077       -16000.0            -4170.45454545      -1840.90909091      954.545454545       
74.0                2.0                 2e-05               3e-05               1e-05               5500.0              5600.0              18000.0             5000.0              4900.0              6354.54545455       -23100.0            -12500.0            -7500.0             0.0                 864.483471074       2871.88533058       1454.54545455       -28000.0            -16420.0            -10440.0            -1470.0             
75.0                2.0                 1e-05               1e-05               2e-05               5500.0              6100.0              16000.0             4000.0              -100.0              3172.72727273       -20100.0            -10000.0            -6000.0             0.0                 691.909769335       3153.54901628       3272.72727273       -20000.0            -9920.0             -5940.0             30.0                
76.0                2.0                 4e-05               3e-05               4e-05               8000.0              4100.0              19000.0             3500.0              -4350.0             6212.5              -16350.0            -8750.0             -5250.0             0.0                 917.550602596       2578.78891765       10562.5             -12000.0            -5270.0             -2640.0             1305.0              
77.0                2.0                 4e-05               4e-05               4e-05               6500.0              9600.0              17000.0             1000.0              2900.0              9130.76923077       -13100.0            -2500.0             -1500.0             0.0                 1613.85350318       2334.05652866       6230.76923077       -16000.0            -4820.0             -3240.0             -870.0              
78.0                2.0                 3e-05               4e-05               1e-05               7000.0              600.0               18000.0             1500.0              10150.0             17292.8571429       -5850.0             -3750.0             -2250.0             3.63797880709e-12   3534.16931758       3344.90953761       7142.85714286       -16000.0            -11870.0            -8340.0             -3045.0             
79.0                3.0                 3e-05               2e-05               4e-05               7000.0              100.0               15000.0             3000.0              -9650.0             2421.42857143       -13650.0            -9000.0             -4500.0             1.81898940355e-12   -68.3489672788      1683.19337099       12071.4285714       -4000.0             -1762.5             325.0               2412.5              
80.0                3.0                 3e-05               4e-05               2e-05               4000.0              2100.0              13000.0             2500.0              5600.0              6725.0              -14400.0            -7500.0             -3750.0             0.0                 829.554976403       2214.32121271       1125.0              -20000.0            -11700.0            -6550.0             -1400.0             
81.0                2.5                 3e-05               2e-05               3e-05               5500.0              9100.0              18000.0             4500.0              -1375.0             79.5454545455       -29375.0            -12375.0            -6750.0             0.0                 -635.468028177      2563.81366729       1454.54545455       -28000.0            -11312.5            -6000.0             375.0               
82.0                2.5                 1e-05               3e-05               4e-05               4000.0              8100.0              12000.0             1000.0              1875.0              3875.0              -14125.0            -2750.0             -1500.0             0.0                 734.205127351       2255.09573898       2000.0              -16000.0            -4198.86363636      -2522.72727273      -511.363636364      
83.0                2.5                 4e-05               3e-05               3e-05               7000.0              3100.0              18000.0             2000.0              4125.0              11267.8571429       -11875.0            -5500.0             -3000.0             1.81898940355e-12   1842.15720097       2859.23604063       7142.85714286       -16000.0            -8687.5             -5250.0             -1125.0             
84.0                3.0                 2e-05               4e-05               2e-05               7500.0              1100.0              16000.0             1500.0              -4400.0             8666.66666667       -8400.0             -4500.0             -2250.0             -1.81898940355e-12  985.385134655       1513.81834897       13066.6666667       -4000.0             -1200.0             -50.0               1100.0              
85.0                2.0                 1e-05               3e-05               4e-05               4500.0              3100.0              17000.0             4000.0              14900.0             15011.1111111       -17100.0            -10000.0            -6000.0             0.0                 3440.78742781       5947.94396935       111.111111111       -32000.0            -21920.0            -14940.0            -4470.0             
86.0                2.0                 3e-05               2e-05               2e-05               4000.0              1100.0              15000.0             6000.0              5900.0              6025.0              -22100.0            -15000.0            -9000.0             0.0                 800.709023941       3599.08839779       125.0               -28000.0            -19720.0            -12540.0            -1770.0             
87.0                2.0                 2e-05               4e-05               2e-05               3500.0              5600.0              13000.0             3000.0              7900.0              8042.85714286       -16100.0            -7500.0             -4500.0             -1.81898940355e-12  1384.86308316       2922.91032792       142.857142857       -24000.0            -13820.0            -9240.0             -2370.0             
88.0                2.0                 1e-05               3e-05               3e-05               6500.0              8100.0              18000.0             4000.0              -2100.0             2823.07692308       -22100.0            -10000.0            -6000.0             0.0                 669.903375068       3251.27755852       4923.07692308       -20000.0            -8320.0             -4740.0             630.0               
89.0                2.5                 1e-05               2e-05               4e-05               5500.0              1100.0              13000.0             2000.0              -1375.0             5988.63636364       -9375.0             -5500.0             -3000.0             0.0                 1063.93966039       2126.78148214       7363.63636364       -8000.0             -4437.5             -2250.0             375.0               
90.0                4.0                 1e-05               2e-05               4e-05               5000.0              100.0               19000.0             2000.0              24800.0             24900.0             -11200.0            -7000.0             -3000.0             0.0                 3621.42664509       6092.59596368       100.0               -36000.0            -24714.2857143      -13628.5714286      -5314.28571429      
91.0                2.0                 1e-05               1e-05               1e-05               4500.0              7100.0              15000.0             1500.0              11650.0             12650.0             -12350.0            -3750.0             -2250.0             3.63797880709e-12   2503.98089172       3384.26552548       1000.0              -24000.0            -13070.0            -9240.0             -3495.0             
92.0                2.5                 2e-05               2e-05               3e-05               5000.0              5600.0              13000.0             1000.0              1000.0              5900.0              -11000.0            -2750.0             -1500.0             3.63797880709e-12   897.3649446         1787.61573416       4900.0              -12000.0            -3522.72727273      -2045.45454545      -272.727272727      
93.0                3.5                 4e-05               3e-05               4e-05               4000.0              100.0               12000.0             1000.0              10825.0             12825.0             -5175.0             -3250.0             -1500.0             0.0                 1920.52050986       2709.48610259       2000.0              -16000.0            -11160.5769231      -6496.15384615      -2498.07692308      
94.0                2.0                 4e-05               3e-05               4e-05               8000.0              600.0               18000.0             2000.0              400.0               12650.0             -7600.0             -5000.0             -3000.0             0.0                 2349.88411619       2898.76583745       12250.0             -8000.0             -5320.0             -3240.0             -120.0              
95.0                3.0                 4e-05               1e-05               3e-05               5500.0              1600.0              17000.0             1000.0              17100.0             19372.7272727       -6900.0             -3000.0             -1500.0             0.0                 2799.69204927       3726.33678611       2272.72727273       -24000.0            -15825.0            -10050.0            -4275.0             
96.0                2.5                 2e-05               2e-05               2e-05               5500.0              1600.0              17000.0             3500.0              8000.0              10272.7272727       -16000.0            -9625.0             -5250.0             0.0                 1852.07003836       3701.1794593        2272.72727273       -24000.0            -15806.8181818      -9613.63636364      -2181.81818182      
97.0                3.5                 3e-05               3e-05               4e-05               3500.0              100.0               10000.0             1000.0              6825.0              9110.71428571       -5175.0             -3250.0             -1500.0             1.81898940355e-12   1407.02763223       2164.77591339       2285.71428571       -12000.0            -8237.5             -4650.0             -1575.0             
98.0                3.0                 3e-05               2e-05               2e-05               6500.0              7100.0              18000.0             1500.0              2600.0              7523.07692308       -17400.0            -4500.0             -2250.0             0.0                 672.302325174       1998.12677277       4923.07692308       -20000.0            -6450.0             -3550.0             -650.0              
99.0                2.0                 2e-05               1e-05               2e-05               5000.0              5600.0              17000.0             4000.0              8400.0              9300.0              -19600.0            -10000.0            -6000.0             0.0                 1687.05752212       3976.74225664       900.0               -28000.0            -16720.0            -11040.0            -2520.0             
100.0               2.0                 3e-05               4e-05               3e-05               6500.0              3600.0              19000.0             6000.0              -600.0              3169.23076923       -24600.0            -15000.0            -9000.0             -3.63797880709e-12  554.283801874       3373.97925033       3769.23076923       -24000.0            -14520.0            -8640.0             180.0               
101.0               2.0                 4e-05               2e-05               4e-05               5000.0              8600.0              18000.0             2000.0              16400.0             16800.0             -15600.0            -5000.0             -3000.0             0.0                 3119.85619469       4463.35269174       400.0               -32000.0            -18120.0            -12840.0            -4920.0             
102.0               2.0                 2e-05               3e-05               2e-05               5000.0              9100.0              19000.0             2000.0              19900.0             20000.0             -16100.0            -5000.0             -3000.0             0.0                 3779.26652893       4877.12035124       100.0               -36000.0            -20920.0            -14940.0            -5970.0             
103.0               3.5                 4e-05               4e-05               2e-05               4000.0              1100.0              14000.0             1500.0              14575.0             15075.0             -9425.0             -4875.0             -2250.0             0.0                 1914.88186089       2800.86434912       500.0               -24000.0            -15525.9615385      -8976.92307692      -3363.46153846      
104.0               2.5                 1e-05               2e-05               4e-05               5500.0              8600.0              18000.0             3500.0              3250.0              4704.54545455       -24750.0            -9625.0             -5250.0             0.0                 951.810716791       4136.72124003       1454.54545455       -28000.0            -12136.3636364      -7022.72727273      -886.363636364      
105.0               4.0                 1e-05               2e-05               3e-05               8500.0              2100.0              18000.0             1500.0              -8450.0             6608.82352941       -12450.0            -5250.0             -2250.0             -1.81898940355e-12  451.493275316       1577.3299757        15058.8235294       -4000.0             785.714285714       1371.42857143       1810.71428571       
106.0               3.0                 1e-05               3e-05               1e-05               7500.0              600.0               19000.0             1000.0              10600.0             18666.6666667       -5400.0             -3000.0             -1500.0             3.63797880709e-12   3122.00937601       3252.75218235       8066.66666667       -16000.0            -10950.0            -6800.0             -2650.0             
107.0               2.0                 1e-05               3e-05               1e-05               4500.0              5100.0              15000.0             3500.0              6650.0              7650.0              -17350.0            -8750.0             -5250.0             3.63797880709e-12   1455.77923687       3038.92158077       1000.0              -24000.0            -14070.0            -9240.0             -1995.0             
108.0               3.0                 2e-05               3e-05               1e-05               5000.0              600.0               11000.0             1500.0              -3650.0             4450.0              -7650.0             -4500.0             -2250.0             -1.81898940355e-12  384.090118302       950.411012526       8100.0              -4000.0             -1762.5             -425.0              912.5               
109.0               3.5                 3e-05               3e-05               3e-05               4500.0              100.0               16000.0             1000.0              22825.0             23269.4444444       -5175.0             -3250.0             -1500.0             3.63797880709e-12   3456.39829392       4325.06727924       444.444444444       -28000.0            -19929.8076923      -12034.6153846      -5267.30769231      
110.0               2.0                 3e-05               1e-05               1e-05               6500.0              2600.0              17000.0             2500.0              4650.0              10880.7692308       -11350.0            -6250.0             -3750.0             0.0                 1820.1948173        2777.19519016       6230.76923077       -16000.0            -9970.0             -6540.0             -1395.0             
111.0               2.0                 2e-05               1e-05               4e-05               5500.0              6600.0              16000.0             2500.0              4650.0              7922.72727273       -15350.0            -6250.0             -3750.0             0.0                 1634.89537686       3358.68823948       3272.72727273       -20000.0            -9970.0             -6540.0             -1395.0             
112.0               4.0                 2e-05               1e-05               2e-05               8500.0              3600.0              18000.0             1500.0              -11450.0            3608.82352941       -15450.0            -5250.0             -2250.0             -1.81898940355e-12  -366.499855991      970.157390073       15058.8235294       -4000.0             2928.57142857       2657.14285714       2453.57142857       
113.0               3.5                 3e-05               4e-05               1e-05               8000.0              100.0               17000.0             1500.0              -3675.0             10387.5             -7675.0             -4875.0             -2250.0             0.0                 1012.13552757       1458.21846645       14062.5             -4000.0             -2189.42307692      -553.846153846      848.076923077       
114.0               2.0                 1e-05               3e-05               2e-05               6500.0              100.0               19000.0             3000.0              13400.0             17169.2307692       -10600.0            -7500.0             -4500.0             -3.63797880709e-12  3978.44342937       4902.95370696       3769.23076923       -24000.0            -18220.0            -12540.0            -4020.0             
115.0               3.5                 1e-05               4e-05               4e-05               5500.0              100.0               17000.0             2000.0              13825.0             16097.7272727       -10175.0            -6500.0             -3000.0             0.0                 2798.88701882       4543.55988319       2272.72727273       -24000.0            -16602.8846154      -9380.76923077      -3190.38461538      
116.0               2.0                 3e-05               2e-05               1e-05               5500.0              1600.0              19000.0             4000.0              16400.0             17218.1818182       -15600.0            -10000.0            -6000.0             3.63797880709e-12   3123.40880503       4304.89622642       818.181818182       -32000.0            -23120.0            -15840.0            -4920.0             
117.0               2.0                 1e-05               3e-05               2e-05               5500.0              4100.0              13000.0             1500.0              -1350.0             6013.63636364       -9350.0             -3750.0             -2250.0             0.0                 1047.86103303       1671.86182361       7363.63636364       -8000.0             -2670.0             -1440.0             405.0               
118.0               2.5                 3e-05               1e-05               2e-05               5000.0              1100.0              13000.0             1500.0              4625.0              9525.0              -7375.0             -4125.0             -2250.0             3.63797880709e-12   1539.15482676       2381.97443525       4900.0              -12000.0            -7698.86363636      -4772.72727273      -1261.36363636      
119.0               3.5                 2e-05               1e-05               4e-05               7000.0              100.0               18000.0             1500.0              8325.0              15467.8571429       -7675.0             -4875.0             -2250.0             1.81898940355e-12   2283.16385221       3625.2008035        7142.85714286       -16000.0            -10958.6538462      -6092.30769231      -1921.15384615      
120.0               2.5                 1e-05               3e-05               4e-05               3500.0              4600.0              11000.0             1500.0              4250.0              5535.71428571       -11750.0            -4125.0             -2250.0             0.0                 1152.58936855       2605.41883339       1285.71428571       -16000.0            -7409.09090909      -4568.18181818      -1159.09090909      
121.0               2.0                 3e-05               4e-05               4e-05               5000.0              2600.0              17000.0             2500.0              16650.0             17550.0             -11350.0            -6250.0             -3750.0             0.0                 3815.90827414       4857.78832128       900.0               -28000.0            -19570.0            -13740.0            -4995.0             
122.0               2.0                 4e-05               1e-05               3e-05               5500.0              6600.0              19000.0             5500.0              6150.0              6968.18181818       -25850.0            -13750.0            -8250.0             0.0                 705.936185133       3996.21406031       818.181818182       -32000.0            -18670.0            -11940.0            -1845.0             
123.0               3.0                 2e-05               4e-05               3e-05               5500.0              3600.0              19000.0             1000.0              22100.0             22918.1818182       -9900.0             -3000.0             -1500.0             3.63797880709e-12   3854.03967102       4847.11538462       818.181818182       -32000.0            -19575.0            -12550.0            -5525.0             
124.0               3.0                 1e-05               1e-05               1e-05               5000.0              3100.0              15000.0             1000.0              10850.0             13350.0             -9150.0             -3000.0             -1500.0             0.0                 2130.75088156       2944.63480087       2500.0              -20000.0            -11137.5            -6925.0             -2712.5             
125.0               2.0                 4e-05               2e-05               2e-05               5000.0              4600.0              18000.0             6000.0              6400.0              6800.0              -25600.0            -15000.0            -9000.0             0.0                 666.377379619       3573.25727884       400.0               -32000.0            -20120.0            -12840.0            -1920.0             
126.0               2.0                 1e-05               1e-05               4e-05               6000.0              3100.0              18000.0             2000.0              13900.0             16900.0             -10100.0            -5000.0             -3000.0             0.0                 3984.4858156        5148.84013002       3000.0              -24000.0            -16120.0            -11340.0            -4170.0             
127.0               3.0                 1e-05               4e-05               1e-05               6000.0              4100.0              19000.0             3500.0              6100.0              8183.33333333       -21900.0            -10500.0            -5250.0             -3.63797880709e-12  1102.8993993        3073.45223961       2083.33333333       -28000.0            -15075.0            -8300.0             -1525.0             
128.0               2.0                 3e-05               1e-05               3e-05               7000.0              3100.0              19000.0             4000.0              2900.0              8685.71428571       -17100.0            -10000.0            -6000.0             0.0                 1658.71212121       3827.49368687       5785.71428571       -20000.0            -12320.0            -7740.0             -870.0              
129.0               2.0                 2e-05               1e-05               4e-05               3500.0              5100.0              13000.0             3500.0              6650.0              6792.85714286       -17350.0            -8750.0             -5250.0             0.0                 1238.34081946       3547.04412248       142.857142857       -24000.0            -14070.0            -9240.0             -1995.0             
