1;4.2500e-03;;1.2080e+00;1.2080e+00;;1;4.2500e-03;;1.2080e+00;1.2080e+00;;1;4.2500e-03;;1.2080e+00;1.2080e+00;;
2;-4.0150e-03;;1.8330e+00;1.8330e+00;;2;-4.0150e-03;;1.8330e+00;1.8330e+00;;2;-4.0150e-03;;1.8330e+00;1.8330e+00;;
3;-4.4640e-03;;1.8600e+00;1.8590e+00;;3;-4.4640e-03;;1.8600e+00;1.8590e+00;;3;-4.4640e-03;;1.8600e+00;1.8590e+00;;
4;-4.9100e-03;;1.8860e+00;1.8850e+00;;4;-4.9100e-03;;1.8860e+00;1.8850e+00;;4;-4.9100e-03;;1.8860e+00;1.8850e+00;;
5;-5.3570e-03;;1.9130e+00;1.9110e+00;;5;-5.3570e-03;;1.9130e+00;1.9110e+00;;5;-5.3570e-03;;1.9130e+00;1.9110e+00;;
6;-5.8040e-03;;1.9400e+00;1.9370e+00;;6;-5.8040e-03;;1.9400e+00;1.9370e+00;;6;-5.8040e-03;;1.9400e+00;1.9370e+00;;
7;-6.2520e-03;;1.9660e+00;1.9640e+00;;7;-6.2520e-03;;1.9660e+00;1.9640e+00;;7;-6.2520e-03;;1.9660e+00;1.9640e+00;;
8;-6.7010e-03;;1.9930e+00;1.9900e+00;;8;-6.7010e-03;;1.9930e+00;1.9900e+00;;8;-6.7010e-03;;1.9930e+00;1.9900e+00;;
9;-7.1500e-03;;2.0200e+00;2.0160e+00;;9;-7.1500e-03;;2.0200e+00;2.0160e+00;;9;-7.1500e-03;;2.0200e+00;2.0160e+00;;
10;-7.6000e-03;;2.0460e+00;2.0420e+00;;10;-7.6000e-03;;2.0460e+00;2.0420e+00;;10;-7.6000e-03;;2.0460e+00;2.0420e+00;;
11;-8.0510e-03;;2.0730e+00;2.0680e+00;;11;-8.0510e-03;;2.0730e+00;2.0680e+00;;11;-8.0510e-03;;2.0730e+00;2.0680e+00;;
12;-8.5020e-03;;2.1000e+00;2.0940e+00;;12;-8.5020e-03;;2.1000e+00;2.0940e+00;;12;-8.5020e-03;;2.1000e+00;2.0940e+00;;
13;-8.9540e-03;;2.1270e+00;2.1210e+00;;13;-8.9540e-03;;2.1270e+00;2.1210e+00;;13;-8.9540e-03;;2.1270e+00;2.1210e+00;;
14;-9.4070e-03;;2.1530e+00;2.1470e+00;;14;-9.4070e-03;;2.1530e+00;2.1470e+00;;14;-9.4070e-03;;2.1530e+00;2.1470e+00;;
15;-9.8610e-03;;2.1800e+00;2.1730e+00;;15;-9.8610e-03;;2.1800e+00;2.1730e+00;;15;-9.8610e-03;;2.1800e+00;2.1730e+00;;
16;-1.0320e-02;;2.2070e+00;2.1990e+00;;16;-1.0320e-02;;2.2070e+00;2.1990e+00;;16;-1.0320e-02;;2.2070e+00;2.1990e+00;;
17;-1.0770e-02;;2.2330e+00;2.2250e+00;;17;-1.0770e-02;;2.2330e+00;2.2250e+00;;17;-1.0770e-02;;2.2330e+00;2.2250e+00;;
18;-1.1230e-02;;2.2600e+00;2.2510e+00;;18;-1.1230e-02;;2.2600e+00;2.2510e+00;;18;-1.1230e-02;;2.2600e+00;2.2510e+00;;
19;-1.1680e-02;;2.2870e+00;2.2770e+00;;19;-1.1680e-02;;2.2870e+00;2.2770e+00;;19;-1.1680e-02;;2.2870e+00;2.2770e+00;;
20;-1.2140e-02;;2.3130e+00;2.3040e+00;;20;-1.2140e-02;;2.3130e+00;2.3040e+00;;20;-1.2140e-02;;2.3130e+00;2.3040e+00;;
21;-1.2600e-02;;2.3400e+00;2.3300e+00;;21;-1.2600e-02;;2.3400e+00;2.3300e+00;;21;-1.2600e-02;;2.3400e+00;2.3300e+00;;
22;-1.3060e-02;;2.3670e+00;2.3560e+00;;22;-1.3060e-02;;2.3670e+00;2.3560e+00;;22;-1.3060e-02;;2.3670e+00;2.3560e+00;;
23;-1.3520e-02;;2.3940e+00;2.3820e+00;;23;-1.3520e-02;;2.3940e+00;2.3820e+00;;23;-1.3520e-02;;2.3940e+00;2.3820e+00;;
24;-1.3980e-02;;2.4200e+00;2.4080e+00;;24;-1.3980e-02;;2.4200e+00;2.4080e+00;;24;-1.3980e-02;;2.4200e+00;2.4080e+00;;
25;-1.4440e-02;;2.4470e+00;2.4340e+00;;25;-1.4440e-02;;2.4470e+00;2.4340e+00;;25;-1.4440e-02;;2.4470e+00;2.4340e+00;;
26;-1.4900e-02;;2.4740e+00;2.4610e+00;;26;-1.4900e-02;;2.4740e+00;2.4610e+00;;26;-1.4900e-02;;2.4740e+00;2.4610e+00;;
27;-1.5360e-02;;2.5000e+00;2.4870e+00;;27;-1.5360e-02;;2.5000e+00;2.4870e+00;;27;-1.5360e-02;;2.5000e+00;2.4870e+00;;
28;-1.5820e-02;;2.5270e+00;2.5130e+00;;28;-1.5820e-02;;2.5270e+00;2.5130e+00;;28;-1.5820e-02;;2.5270e+00;2.5130e+00;;
29;-1.6290e-02;;2.5540e+00;2.5390e+00;;29;-1.6290e-02;;2.5540e+00;2.5390e+00;;29;-1.6290e-02;;2.5540e+00;2.5390e+00;;
30;-1.6750e-02;;2.5800e+00;2.5650e+00;;30;-1.6750e-02;;2.5800e+00;2.5650e+00;;30;-1.6750e-02;;2.5800e+00;2.5650e+00;;
31;-1.7220e-02;;2.6070e+00;2.5910e+00;;31;-1.7220e-02;;2.6070e+00;2.5910e+00;;31;-1.7220e-02;;2.6070e+00;2.5910e+00;;
32;-1.7690e-02;;2.6340e+00;2.6170e+00;;32;-1.7690e-02;;2.6340e+00;2.6170e+00;;32;-1.7690e-02;;2.6340e+00;2.6170e+00;;
33;-1.8160e-02;;2.6610e+00;2.6440e+00;;33;-1.8160e-02;;2.6610e+00;2.6440e+00;;33;-1.8160e-02;;2.6610e+00;2.6440e+00;;
34;-1.8640e-02;;2.6870e+00;2.6700e+00;;34;-1.8640e-02;;2.6870e+00;2.6700e+00;;34;-1.8640e-02;;2.6870e+00;2.6700e+00;;
35;-1.9110e-02;;2.7140e+00;2.6960e+00;;35;-1.9110e-02;;2.7140e+00;2.6960e+00;;35;-1.9110e-02;;2.7140e+00;2.6960e+00;;
36;-1.9590e-02;;2.7410e+00;2.7220e+00;;36;-1.9590e-02;;2.7410e+00;2.7220e+00;;36;-1.9590e-02;;2.7410e+00;2.7220e+00;;
37;-2.0070e-02;;2.7670e+00;2.7480e+00;;37;-2.0070e-02;;2.7670e+00;2.7480e+00;;37;-2.0070e-02;;2.7670e+00;2.7480e+00;;
38;-2.0550e-02;;2.7940e+00;2.7740e+00;;38;-2.0550e-02;;2.7940e+00;2.7740e+00;;38;-2.0550e-02;;2.7940e+00;2.7740e+00;;
39;-2.1030e-02;;2.8210e+00;2.8010e+00;;39;-2.1030e-02;;2.8210e+00;2.8010e+00;;39;-2.1030e-02;;2.8210e+00;2.8010e+00;;
40;-2.1510e-02;;2.8470e+00;2.8270e+00;;40;-2.1510e-02;;2.8470e+00;2.8270e+00;;40;-2.1510e-02;;2.8470e+00;2.8270e+00;;
41;-2.1990e-02;;2.8740e+00;2.8530e+00;;41;-2.1990e-02;;2.8740e+00;2.8530e+00;;41;-2.1990e-02;;2.8740e+00;2.8530e+00;;
42;-2.2480e-02;;2.9010e+00;2.8790e+00;;42;-2.2480e-02;;2.9010e+00;2.8790e+00;;42;-2.2480e-02;;2.9010e+00;2.8790e+00;;
43;-2.2960e-02;;2.9270e+00;2.9050e+00;;43;-2.2960e-02;;2.9270e+00;2.9050e+00;;43;-2.2960e-02;;2.9270e+00;2.9050e+00;;
44;-2.3440e-02;;2.9540e+00;2.9310e+00;;44;-2.3440e-02;;2.9540e+00;2.9310e+00;;44;-2.3440e-02;;2.9540e+00;2.9310e+00;;
45;-2.3930e-02;;2.9810e+00;2.9570e+00;;45;-2.3930e-02;;2.9810e+00;2.9570e+00;;45;-2.3930e-02;;2.9810e+00;2.9570e+00;;
46;-2.4420e-02;;3.0070e+00;2.9830e+00;;46;-2.4420e-02;;3.0070e+00;2.9830e+00;;46;-2.4420e-02;;3.0070e+00;2.9830e+00;;
47;-2.4920e-02;;3.0340e+00;3.0100e+00;;47;-2.4920e-02;;3.0340e+00;3.0100e+00;;47;-2.4920e-02;;3.0340e+00;3.0100e+00;;
48;-2.5420e-02;;3.0610e+00;3.0360e+00;;48;-2.5420e-02;;3.0610e+00;3.0360e+00;;48;-2.5420e-02;;3.0610e+00;3.0360e+00;;
49;-2.5930e-02;;3.0870e+00;3.0620e+00;;49;-2.5930e-02;;3.0870e+00;3.0620e+00;;49;-2.5930e-02;;3.0870e+00;3.0620e+00;;
50;-2.6450e-02;;3.1140e+00;3.0880e+00;;50;-2.6450e-02;;3.1140e+00;3.0880e+00;;50;-2.6450e-02;;3.1140e+00;3.0880e+00;;
51;-2.6980e-02;;3.1410e+00;3.1140e+00;;51;-2.6980e-02;;3.1410e+00;3.1140e+00;;51;-2.6980e-02;;3.1410e+00;3.1140e+00;;
52;-2.7530e-02;;3.1680e+00;3.1400e+00;;52;-2.7530e-02;;3.1680e+00;3.1400e+00;;52;-2.7530e-02;;3.1680e+00;3.1400e+00;;
53;-2.8100e-02;;3.1940e+00;3.1660e+00;;53;-2.8100e-02;;3.1940e+00;3.1660e+00;;53;-2.8100e-02;;3.1940e+00;3.1660e+00;;
54;-2.9770e-02;;3.2210e+00;3.1920e+00;;54;-2.9770e-02;;3.2210e+00;3.1920e+00;;54;-2.9770e-02;;3.2210e+00;3.1920e+00;;
55;-3.0730e-02;;3.2470e+00;3.2180e+00;;55;-3.0730e-02;;3.2470e+00;3.2180e+00;;55;-3.0730e-02;;3.2470e+00;3.2180e+00;;
56;-3.1440e-02;;3.2740e+00;3.2440e+00;;56;-3.1440e-02;;3.2740e+00;3.2440e+00;;56;-3.1440e-02;;3.2740e+00;3.2440e+00;;
57;-3.2100e-02;;3.3000e+00;3.2710e+00;;57;-3.2100e-02;;3.3000e+00;3.2710e+00;;57;-3.2100e-02;;3.3000e+00;3.2710e+00;;
58;-3.3300e-02;;3.3270e+00;3.2970e+00;;58;-3.3300e-02;;3.3270e+00;3.2970e+00;;58;-3.3300e-02;;3.3270e+00;3.2970e+00;;
59;-3.4080e-02;;3.3540e+00;3.3230e+00;;59;-3.4080e-02;;3.3540e+00;3.3230e+00;;59;-3.4080e-02;;3.3540e+00;3.3230e+00;;
60;-3.5280e-02;;3.3800e+00;3.3490e+00;;60;-3.5280e-02;;3.3800e+00;3.3490e+00;;60;-3.5280e-02;;3.3800e+00;3.3490e+00;;
61;-3.6020e-02;;3.4070e+00;3.3750e+00;;61;-3.6020e-02;;3.4070e+00;3.3750e+00;;61;-3.6020e-02;;3.4070e+00;3.3750e+00;;
62;-3.6830e-02;;3.4340e+00;3.4010e+00;;62;-3.6830e-02;;3.4340e+00;3.4010e+00;;62;-3.6830e-02;;3.4340e+00;3.4010e+00;;
63;-3.8760e-02;;3.4600e+00;3.4270e+00;;63;-3.8760e-02;;3.4600e+00;3.4270e+00;;63;-3.8760e-02;;3.4600e+00;3.4270e+00;;
64;-4.0290e-02;;3.4850e+00;3.4520e+00;;64;-4.0290e-02;;3.4850e+00;3.4520e+00;;64;-4.0290e-02;;3.4850e+00;3.4520e+00;;
65;-4.2040e-02;;3.5110e+00;3.4770e+00;;65;-4.2040e-02;;3.5110e+00;3.4770e+00;;65;-4.2040e-02;;3.5110e+00;3.4770e+00;;
66;-4.3910e-02;;3.5360e+00;3.5010e+00;;66;-4.3910e-02;;3.5360e+00;3.5010e+00;;66;-4.3910e-02;;3.5360e+00;3.5010e+00;;
67;-4.4890e-02;;3.5620e+00;3.5270e+00;;67;-4.4890e-02;;3.5620e+00;3.5270e+00;;67;-4.4890e-02;;3.5620e+00;3.5270e+00;;
68;-4.7900e-02;;3.5870e+00;3.5520e+00;;68;-4.7900e-02;;3.5870e+00;3.5520e+00;;68;-4.7900e-02;;3.5870e+00;3.5520e+00;;
69;-5.0190e-02;;3.6060e+00;3.5690e+00;;69;-5.0190e-02;;3.6060e+00;3.5690e+00;;69;-5.0190e-02;;3.6060e+00;3.5690e+00;;
70;-5.2320e-02;;3.6240e+00;3.5870e+00;;70;-5.2320e-02;;3.6240e+00;3.5870e+00;;70;-5.2320e-02;;3.6240e+00;3.5870e+00;;
71;-5.3570e-02;;3.6500e+00;3.6120e+00;;71;-5.3570e-02;;3.6500e+00;3.6120e+00;;71;-5.3570e-02;;3.6500e+00;3.6120e+00;;
72;-5.6890e-02;;3.6730e+00;3.6350e+00;;72;-5.6890e-02;;3.6730e+00;3.6350e+00;;72;-5.6890e-02;;3.6730e+00;3.6350e+00;;
73;-5.8640e-02;;3.6940e+00;3.6560e+00;;73;-5.8640e-02;;3.6940e+00;3.6560e+00;;73;-5.8640e-02;;3.6940e+00;3.6560e+00;;
74;-6.0790e-02;;3.7180e+00;3.6790e+00;;74;-6.0790e-02;;3.7180e+00;3.6790e+00;;74;-6.0790e-02;;3.7180e+00;3.6790e+00;;
75;-6.2250e-02;;3.7440e+00;3.7050e+00;;75;-6.2250e-02;;3.7440e+00;3.7050e+00;;75;-6.2250e-02;;3.7440e+00;3.7050e+00;;
76;-6.5580e-02;;3.7660e+00;3.7260e+00;;76;-6.5580e-02;;3.7660e+00;3.7260e+00;;76;-6.5580e-02;;3.7660e+00;3.7260e+00;;
77;-6.7400e-02;;3.7860e+00;3.7460e+00;;77;-6.7400e-02;;3.7860e+00;3.7460e+00;;77;-6.7400e-02;;3.7860e+00;3.7460e+00;;
78;-6.9280e-02;;3.8100e+00;3.7700e+00;;78;-6.9280e-02;;3.8100e+00;3.7700e+00;;78;-6.9280e-02;;3.8100e+00;3.7700e+00;;
79;-7.1870e-02;;3.8320e+00;3.7920e+00;;79;-7.1870e-02;;3.8320e+00;3.7920e+00;;79;-7.1870e-02;;3.8320e+00;3.7920e+00;;
80;-7.4030e-02;;3.8530e+00;3.8120e+00;;80;-7.4030e-02;;3.8530e+00;3.8120e+00;;80;-7.4030e-02;;3.8530e+00;3.8120e+00;;
81;-7.6280e-02;;3.8750e+00;3.8340e+00;;81;-7.6280e-02;;3.8750e+00;3.8340e+00;;81;-7.6280e-02;;3.8750e+00;3.8340e+00;;
82;-7.9100e-02;;3.8910e+00;3.8490e+00;;82;-7.9100e-02;;3.8910e+00;3.8490e+00;;82;-7.9100e-02;;3.8910e+00;3.8490e+00;;
83;-8.1070e-02;;3.9140e+00;3.8710e+00;;83;-8.1070e-02;;3.9140e+00;3.8710e+00;;83;-8.1070e-02;;3.9140e+00;3.8710e+00;;
84;-8.4020e-02;;3.9350e+00;3.8910e+00;;84;-8.4020e-02;;3.9350e+00;3.8910e+00;;84;-8.4020e-02;;3.9350e+00;3.8910e+00;;
85;-8.6960e-02;;3.9410e+00;3.8980e+00;;85;-8.6960e-02;;3.9410e+00;3.8980e+00;;85;-8.6960e-02;;3.9410e+00;3.8980e+00;;
86;-8.9110e-02;;3.9520e+00;3.9090e+00;;86;-8.9110e-02;;3.9520e+00;3.9090e+00;;86;-8.9110e-02;;3.9520e+00;3.9090e+00;;
87;-9.1770e-02;;3.9620e+00;3.9190e+00;;87;-9.1770e-02;;3.9620e+00;3.9190e+00;;87;-9.1770e-02;;3.9620e+00;3.9190e+00;;
88;-9.4230e-02;;3.9860e+00;3.9390e+00;;88;-9.4230e-02;;3.9860e+00;3.9390e+00;;88;-9.4230e-02;;3.9860e+00;3.9390e+00;;
89;-9.7480e-02;;3.9880e+00;3.9440e+00;;89;-9.7480e-02;;3.9880e+00;3.9440e+00;;89;-9.7480e-02;;3.9880e+00;3.9440e+00;;
90;-1.0000e-01;;4.0130e+00;3.9640e+00;;90;-1.0000e-01;;4.0130e+00;3.9640e+00;;90;-1.0000e-01;;4.0130e+00;3.9640e+00;;
91;-1.0330e-01;;4.0050e+00;3.9610e+00;;;;;;;;91;-1.0330e-01;;4.0050e+00;3.9610e+00;;
92;-1.0580e-01;;4.0300e+00;3.9800e+00;;;;;;;;92;-1.0580e-01;;4.0300e+00;3.9800e+00;;
93;-1.0900e-01;;4.0230e+00;3.9780e+00;;;;;;;;93;-1.0900e-01;;4.0230e+00;3.9780e+00;;
94;-1.1050e-01;;4.0280e+00;3.9830e+00;;;;;;;;94;-1.1050e-01;;4.0280e+00;3.9830e+00;;
