Node	Load	DX (mm)	DY (mm)	DZ (mm)	RX ([rad])	RY ([rad])	RZ ([rad])
90	vitr_zprava	-0.060658	0.505298	0.001155	-0.000001	-0.000027	0.000014
91	vitr_zprava	-0.072428	0.505355	0.000085	-0.000001	-0.000027	0.000014
92	vitr_zprava	-0.084185	0.505412	-0.000988	-0.000001	-0.000031	0.000014
93	vitr_zprava	-0.099445	0.505610	-0.002128	-0.000002	-0.000035	0.000014
94	vitr_zprava	-0.115034	0.505824	-0.003316	-0.000002	-0.000040	0.000014
95	vitr_zprava	-0.130585	0.506177	-0.004187	-0.000002	-0.000044	0.000013
96	vitr_zprava	-0.145513	0.506647	-0.004692	-0.000002	-0.000048	0.000013
97	vitr_zprava	-0.160988	0.507270	-0.004846	-0.000002	-0.000052	0.000013
98	vitr_zprava	-0.176393	0.507898	-0.005145	-0.000003	-0.000055	0.000013
99	vitr_zprava	-0.191169	0.508505	-0.005643	-0.000003	-0.000059	0.000012
100	vitr_zprava	-0.206449	0.509396	-0.005192	-0.000003	-0.000062	0.000012
101	vitr_zprava	-0.221525	0.510293	-0.004951	-0.000004	-0.000065	0.000012
102	vitr_zprava	-0.235991	0.511161	-0.005047	-0.000004	-0.000067	0.000012
103	vitr_zprava	-0.251050	0.512199	-0.004813	-0.000005	-0.000070	0.000012
104	vitr_zprava	-0.265918	0.513365	-0.004203	-0.000005	-0.000072	0.000011
105	vitr_zprava	-0.280106	0.514604	-0.003328	-0.000006	-0.000074	0.000011
106	vitr_zprava	-0.294866	0.515917	-0.002841	-0.000007	-0.000076	0.000011
107	vitr_zprava	-0.309687	0.517362	-0.002153	-0.000007	-0.000078	0.000011
108	vitr_zprava	-0.324363	0.518830	-0.001931	-0.000008	-0.000079	0.000011
109	vitr_zprava	-0.338225	0.520351	-0.001494	-0.000009	-0.000081	0.000011
110	vitr_zprava	-0.352889	0.522098	-0.000869	-0.000010	-0.000082	0.000011
111	vitr_zprava	-0.367676	0.523988	-0.000194	-0.000010	-0.000083	0.000011
112	vitr_zprava	-0.378276	0.525380	-0.000065	-0.000011	-0.000083	0.000011
113	vitr_zprava	-0.396335	0.527790	-0.000826	-0.000013	-0.000089	0.000010
114	vitr_zprava	-0.411024	0.530012	-0.000323	-0.000014	-0.000094	0.000010
115	vitr_zprava	-0.424865	0.532122	-0.000662	-0.000016	-0.000099	0.000010
116	vitr_zprava	-0.439662	0.534416	-0.001737	-0.000017	-0.000103	0.000010
117	vitr_zprava	-0.451155	0.536367	-0.001524	-0.000018	-0.000106	0.000010
118	vitr_zprava	-0.467914	0.539184	-0.002814	-0.000020	-0.000111	0.000009
119	vitr_zprava	-0.482455	0.541840	-0.002660	-0.000021	-0.000115	0.000009
120	vitr_zprava	-0.496902	0.544514	-0.003227	-0.000023	-0.000119	0.000009
121	vitr_zprava	-0.510141	0.547060	-0.003583	-0.000024	-0.000122	0.000008
122	vitr_zprava	-0.524404	0.549860	-0.004463	-0.000026	-0.000125	0.000008
123	vitr_zprava	-0.538466	0.552756	-0.004596	-0.000027	-0.000128	0.000008
124	vitr_zprava	-0.552483	0.555743	-0.004485	-0.000028	-0.000131	0.000008
125	vitr_zprava	-0.565064	0.558455	-0.005173	-0.000030	-0.000134	0.000007
126	vitr_zprava	-0.578780	0.561547	-0.005036	-0.000031	-0.000136	0.000007
127	vitr_zprava	-0.592371	0.564723	-0.004349	-0.000032	-0.000138	0.000007
128	vitr_zprava	-0.604530	0.567584	-0.004824	-0.000034	-0.000140	0.000007
129	vitr_zprava	-0.617904	0.570861	-0.004424	-0.000035	-0.000142	0.000006
130	vitr_zprava	-0.631107	0.574156	-0.004534	-0.000036	-0.000143	0.000006
131	vitr_zprava	-0.642845	0.577167	-0.004458	-0.000038	-0.000144	0.000006
132	vitr_zprava	-0.655938	0.580636	-0.003849	-0.000039	-0.000145	0.000006
133	vitr_zprava	-0.668897	0.584133	-0.003770	-0.000040	-0.000146	0.000006
134	vitr_zprava	-0.680338	0.587318	-0.003159	-0.000041	-0.000147	0.000006
135	vitr_zprava	-0.693206	0.591008	-0.002031	-0.000042	-0.000147	0.000006
136	vitr_zprava	-0.706052	0.594742	-0.001877	-0.000043	-0.000147	0.000006
137	vitr_zprava	-0.717423	0.598149	-0.001244	-0.000044	-0.000148	0.000006
138	vitr_zprava	-0.730234	0.602116	0.000293	-0.000045	-0.000147	0.000006
139	vitr_zprava	-0.743092	0.606152	0.000799	-0.000046	-0.000147	0.000006
140	vitr_zprava	-0.756023	0.610268	0.000248	-0.000047	-0.000146	0.000006
141	vitr_zprava	-0.765038	0.613209	0.000006	-0.000048	-0.000146	0.000006
142	vitr_zprava	-0.780746	0.618487	0.000244	-0.000051	-0.000151	0.000006
143	vitr_zprava	-0.793930	0.623060	0.001338	-0.000054	-0.000154	0.000006
144	vitr_zprava	-0.805694	0.627172	0.000792	-0.000056	-0.000158	0.000006
145	vitr_zprava	-0.819021	0.631966	0.001265	-0.000058	-0.000161	0.000006
146	vitr_zprava	-0.829741	0.635893	0.001660	-0.000060	-0.000164	0.000005
147	vitr_zprava	-0.844016	0.641187	0.001081	-0.000063	-0.000167	0.000005
148	vitr_zprava	-0.857311	0.646270	0.002125	-0.000065	-0.000170	0.000005
149	vitr_zprava	-0.870568	0.651398	0.002031	-0.000068	-0.000173	0.000005
150	vitr_zprava	-0.882049	0.655936	0.002497	-0.000070	-0.000175	0.000005
151	vitr_zprava	-0.895216	0.661202	0.001771	-0.000072	-0.000177	0.000005
152	vitr_zprava	-0.908262	0.666547	0.002329	-0.000074	-0.000179	0.000004
153	vitr_zprava	-0.921270	0.671968	0.002707	-0.000076	-0.000181	0.000004
154	vitr_zprava	-0.932300	0.676652	0.003365	-0.000078	-0.000182	0.000004
155	vitr_zprava	-0.945101	0.682138	0.001982	-0.000080	-0.000183	0.000004
156	vitr_zprava	-0.957767	0.687731	0.003780	-0.000082	-0.000184	0.000004
157	vitr_zprava	-0.968531	0.692527	0.003445	-0.000084	-0.000185	0.000004
158	vitr_zprava	-0.980984	0.698184	0.003453	-0.000085	-0.000186	0.000003
159	vitr_zprava	-0.993379	0.703908	0.003122	-0.000087	-0.000186	0.000003
160	vitr_zprava	-1.003791	0.708823	0.004152	-0.000089	-0.000187	0.000003
161	vitr_zprava	-1.015992	0.714659	0.003794	-0.000090	-0.000187	0.000003
162	vitr_zprava	-1.028121	0.720572	0.003885	-0.000092	-0.000187	0.000003
163	vitr_zprava	-1.038323	0.725640	0.004392	-0.000093	-0.000186	0.000003
164	vitr_zprava	-1.050312	0.731695	0.004367	-0.000095	-0.000186	0.000003
165	vitr_zprava	-1.062263	0.737815	0.002865	-0.000096	-0.000185	0.000003
166	vitr_zprava	-1.072316	0.743075	0.002679	-0.000097	-0.000184	0.000003
167	vitr_zprava	-1.084209	0.749420	0.002810	-0.000099	-0.000183	0.000003
168	vitr_zprava	-1.096117	0.755862	0.001380	-0.000100	-0.000182	0.000003
169	vitr_zprava	-1.108061	0.762451	0.000167	-0.000101	-0.000180	0.000003
170	vitr_zprava	-1.115946	0.766892	0.000037	-0.000101	-0.000179	0.000003
171	vitr_zprava	-1.130245	0.775103	-0.001382	-0.000105	-0.000182	0.000003
172	vitr_zprava	-1.142313	0.782114	-0.004279	-0.000108	-0.000185	0.000003
173	vitr_zprava	-1.152558	0.788158	-0.006715	-0.000111	-0.000187	0.000003
174	vitr_zprava	-1.164634	0.795407	-0.007533	-0.000114	-0.000189	0.000003
175	vitr_zprava	-1.174365	0.801314	-0.008679	-0.000116	-0.000191	0.000003
176	vitr_zprava	-1.186723	0.808918	-0.010136	-0.000119	-0.000193	0.000003
177	vitr_zprava	-1.198606	0.816349	-0.009964	-0.000122	-0.000194	0.000003
178	vitr_zprava	-1.210380	0.823766	-0.013083	-0.000124	-0.000196	0.000002
179	vitr_zprava	-1.220050	0.829977	-0.012393	-0.000127	-0.000197	0.000002
180	vitr_zprava	-1.231546	0.837432	-0.013050	-0.000129	-0.000198	0.000002
181	vitr_zprava	-1.242880	0.844864	-0.015077	-0.000131	-0.000199	0.000002
182	vitr_zprava	-1.252037	0.850973	-0.013191	-0.000133	-0.000199	0.000001
183	vitr_zprava	-1.263003	0.858352	-0.014677	-0.000135	-0.000200	0.000001
184	vitr_zprava	-1.273769	0.865690	-0.015561	-0.000137	-0.000200	0.000001
185	vitr_zprava	-1.284318	0.872977	-0.014479	-0.000139	-0.000200	0.000001
186	vitr_zprava	-1.292652	0.878807	-0.014809	-0.000140	-0.000200	0.000000
187	vitr_zprava	-1.302768	0.885969	-0.013153	-0.000142	-0.000200	0.000000
188	vitr_zprava	-1.312659	0.893058	-0.012925	-0.000143	-0.000200	0.000000
189	vitr_zprava	-1.320332	0.898630	-0.012149	-0.000145	-0.000199	0.000000
190	vitr_zprava	-1.329768	0.905567	-0.012839	-0.000146	-0.000198	-0.000001
191	vitr_zprava	-1.338981	0.912422	-0.011565	-0.000147	-0.000197	-0.000001
192	vitr_zprava	-1.346014	0.917714	-0.008335	-0.000148	-0.000196	-0.000001
193	vitr_zprava	-1.354792	0.924421	-0.008545	-0.000149	-0.000195	-0.000001
194	vitr_zprava	-1.363354	0.931033	-0.006370	-0.000150	-0.000193	-0.000001
195	vitr_zprava	-1.369782	0.936078	-0.005737	-0.000150	-0.000191	-0.000002
196	vitr_zprava	-1.377945	0.942563	-0.005145	-0.000151	-0.000190	-0.000002
197	vitr_zprava	-1.385939	0.948984	-0.002707	-0.000151	-0.000188	-0.000002
198	vitr_zprava	-1.391888	0.953847	-0.001849	-0.000152	-0.000185	-0.000002
199	vitr_zprava	-1.399749	0.960335	-0.000228	-0.000152	-0.000183	-0.000002
200	vitr_zprava	-1.407092	0.966437	0.001911	-0.000155	-0.000184	-0.000002
201	vitr_zprava	-1.414449	0.972665	0.002740	-0.000157	-0.000184	-0.000003
202	vitr_zprava	-1.419743	0.977233	0.001759	-0.000160	-0.000184	-0.000003
203	vitr_zprava	-1.426653	0.983249	0.002439	-0.000162	-0.000184	-0.000003
204	vitr_zprava	-1.431796	0.987778	0.003084	-0.000164	-0.000184	-0.000004
205	vitr_zprava	-1.437780	0.993152	0.002066	-0.000166	-0.000183	-0.000004
206	vitr_zprava	-1.443781	0.998622	0.001075	-0.000168	-0.000183	-0.000005
207	vitr_zprava	-1.449460	1.003818	0.001918	-0.000170	-0.000182	-0.000005
208	vitr_zprava	-1.452931	1.007058	0.001104	-0.000171	-0.000181	-0.000005
209	vitr_zprava	-1.457806	1.011668	0.000449	-0.000173	-0.000181	-0.000006
210	vitr_zprava	-1.462306	1.015975	-0.000120	-0.000174	-0.000179	-0.000007
211	vitr_zprava	-1.464636	1.018149	0.001224	-0.000175	-0.000178	-0.000007
212	vitr_zprava	-1.468289	1.021719	0.000960	-0.000176	-0.000177	-0.000008
213	vitr_zprava	-1.471459	1.024845	0.000861	-0.000177	-0.000175	-0.000008
214	vitr_zprava	-1.474219	1.027585	0.000933	-0.000177	-0.000174	-0.000009
215	vitr_zprava	-1.474745	1.028152	-0.000559	-0.000178	-0.000172	-0.000009
216	vitr_zprava	-1.476577	1.029977	-0.000115	-0.000178	-0.000170	-0.000010
217	vitr_zprava	-1.477889	1.031268	0.000460	-0.000178	-0.000168	-0.000011
218	vitr_zprava	-1.477110	1.030440	-0.000404	-0.000178	-0.000166	-0.000011
219	vitr_zprava	-1.477464	1.030702	0.000513	-0.000178	-0.000163	-0.000012
220	vitr_zprava	-1.477279	1.030616	-0.001728	-0.000177	-0.000161	-0.000013
221	vitr_zprava	-1.475080	1.028027	-0.000496	-0.000176	-0.000158	-0.000013
222	vitr_zprava	-1.474066	1.026847	-0.000599	-0.000176	-0.000156	-0.000014
223	vitr_zprava	-1.472521	1.025046	-0.000637	-0.000175	-0.000153	-0.000014
224	vitr_zprava	-1.468920	1.020853	-0.000658	-0.000174	-0.000150	-0.000015
225	vitr_zprava	-1.466445	1.018049	-0.001931	-0.000172	-0.000147	-0.000016
226	vitr_zprava	-1.463607	1.014445	-0.000049	-0.000171	-0.000144	-0.000016
227	vitr_zprava	-1.458828	1.008797	-0.001118	-0.000169	-0.000140	-0.000017
228	vitr_zprava	-1.456163	1.005402	-0.000118	-0.000168	-0.000137	-0.000017
229	vitr_zprava	-1.450779	0.998951	-0.001905	-0.000169	-0.000136	-0.000018
230	vitr_zprava	-1.446271	0.993188	-0.001340	-0.000169	-0.000134	-0.000019
231	vitr_zprava	-1.439910	0.985193	-0.002215	-0.000170	-0.000133	-0.000019
232	vitr_zprava	-1.434351	0.978134	-0.003176	-0.000170	-0.000131	-0.000020
233	vitr_zprava	-1.428388	0.970240	-0.002700	-0.000170	-0.000130	-0.000021
234	vitr_zprava	-1.420898	0.960310	-0.002839	-0.000170	-0.000128	-0.000022
235	vitr_zprava	-1.414091	0.951418	-0.004456	-0.000170	-0.000126	-0.000022
236	vitr_zprava	-1.406945	0.941428	-0.003171	-0.000169	-0.000124	-0.000023
237	vitr_zprava	-1.397995	0.929306	-0.004419	-0.000168	-0.000122	-0.000024
238	vitr_zprava	-1.389689	0.917938	-0.005705	-0.000167	-0.000120	-0.000025
239	vitr_zprava	-1.381046	0.905613	-0.005386	-0.000166	-0.000117	-0.000026
240	vitr_zprava	-1.370911	0.890901	-0.004663	-0.000165	-0.000115	-0.000026
241	vitr_zprava	-1.361346	0.877105	-0.005166	-0.000164	-0.000112	-0.000027
242	vitr_zprava	-1.351475	0.862575	-0.005228	-0.000162	-0.000110	-0.000028
243	vitr_zprava	-1.339937	0.845402	-0.005374	-0.000160	-0.000107	-0.000029
244	vitr_zprava	-1.329184	0.828774	-0.004049	-0.000158	-0.000104	-0.000030
245	vitr_zprava	-1.317860	0.811682	-0.004928	-0.000156	-0.000101	-0.000030
246	vitr_zprava	-1.306277	0.793528	-0.004367	-0.000153	-0.000099	-0.000031
247	vitr_zprava	-1.293474	0.773082	-0.003411	-0.000151	-0.000095	-0.000032
248	vitr_zprava	-1.281084	0.753056	-0.002630	-0.000148	-0.000092	-0.000033
249	vitr_zprava	-1.268152	0.732265	-0.002953	-0.000145	-0.000089	-0.000033
250	vitr_zprava	-1.254136	0.709271	-0.002900	-0.000141	-0.000086	-0.000034
251	vitr_zprava	-1.240808	0.686597	-0.001660	-0.000138	-0.000083	-0.000035
252	vitr_zprava	-1.226973	0.663179	-0.001502	-0.000134	-0.000079	-0.000035
253	vitr_zprava	-1.212215	0.637688	-0.001052	-0.000130	-0.000076	-0.000036
254	vitr_zprava	-1.197741	0.612418	-0.000898	-0.000126	-0.000072	-0.000037
255	vitr_zprava	-1.183169	0.586442	-0.000534	-0.000122	-0.000069	-0.000037
256	vitr_zprava	-1.167844	0.558561	-0.000005	-0.000117	-0.000065	-0.000038
257	vitr_zprava	-1.153906	0.533126	-0.000176	-0.000113	-0.000061	-0.000038
258	vitr_zprava	-1.137267	0.502458	-0.000811	-0.000112	-0.000059	-0.000039
259	vitr_zprava	-1.121179	0.472341	-0.001580	-0.000110	-0.000057	-0.000040
260	vitr_zprava	-1.105692	0.442320	-0.001602	-0.000108	-0.000055	-0.000040
261	vitr_zprava	-1.089849	0.412107	-0.003041	-0.000106	-0.000054	-0.000041
262	vitr_zprava	-1.074777	0.381915	-0.003125	-0.000104	-0.000052	-0.000041
263	vitr_zprava	-1.057844	0.347669	-0.003527	-0.000102	-0.000049	-0.000042
264	vitr_zprava	-1.041835	0.314932	-0.004119	-0.000099	-0.000047	-0.000042
265	vitr_zprava	-1.025535	0.281673	-0.005364	-0.000096	-0.000045	-0.000043
266	vitr_zprava	-1.008936	0.246956	-0.006236	-0.000093	-0.000043	-0.000043
267	vitr_zprava	-0.992949	0.212703	-0.006723	-0.000090	-0.000041	-0.000043
268	vitr_zprava	-0.976729	0.177578	-0.007300	-0.000086	-0.000039	-0.000044
269	vitr_zprava	-0.960343	0.141178	-0.007467	-0.000083	-0.000037	-0.000044
270	vitr_zprava	-0.944570	0.104786	-0.006867	-0.000079	-0.000035	-0.000044
271	vitr_zprava	-0.928628	0.068491	-0.006979	-0.000074	-0.000032	-0.000044
272	vitr_zprava	-0.912654	0.030709	-0.006329	-0.000070	-0.000030	-0.000044
273	vitr_zprava	-0.896857	-0.006639	-0.005936	-0.000065	-0.000028	-0.000044
274	vitr_zprava	-0.881396	-0.044208	-0.005090	-0.000061	-0.000026	-0.000044
275	vitr_zprava	-0.866035	-0.082999	-0.003559	-0.000055	-0.000024	-0.000044
276	vitr_zprava	-0.850851	-0.121368	-0.002158	-0.000050	-0.000021	-0.000044
277	vitr_zprava	-0.840049	-0.148485	-0.001277	-0.000046	-0.000020	-0.000044
278	vitr_zprava	-0.828995	-0.177356	0.000129	-0.000042	-0.000018	-0.000044
279	vitr_zprava	-0.817931	-0.206248	0.001535	-0.000042	-0.000018	-0.000044
