3.0;3;-0.40307721;1.37508257;2.7497582;1
3.0;4;-0.48115718;1.57795615;2.88521565;1
3.0;5;-0.41806702;1.59741142;2.72185344;1
3.0;6;-0.32875925;1.56781542;2.5303719;1
3.0;7;-0.24387663;1.52862942;2.36445437;1
3.0;8;-0.16911636;1.49021826;2.22753913;1
3.0;9;-0.10430806;1.45515432;2.11466547;1
3.0;10;-0.04818809;1.42391619;2.02078656;1
3.0;11;6.15665043e-04;1.39629754e+00;1.94181339e+00;1
3.0;12;0.04328263;1.37193485;1.87468521;1
3.0;13;0.08090958;1.35031038;1.81688435;1
3.0;14;0.11418408;1.33118183;1.76682918;1
3.0;15;0.14398808;1.31397717;1.72279164;1
3.0;16;0.1706482;1.29864324;1.68403602;1
3.0;17;0.19466087;1.28487881;1.6496271;1
3.0;18;0.21669979;1.27213679;1.61841762;2
3.0;19;0.23659034;1.2607696;1.59059452;1
3.0;20;0.25480006;1.25039234;1.5653836;2
3.0;21;0.27169694;1.24070509;1.54218901;2
3.0;22;0.2866628;1.23249283;1.52190056;2
3.0;23;0.30112097;1.22424093;1.50236659;2
3.0;24;0.31413979;1.21706153;1.48496057;2
3.0;25;0.32689458;1.20968813;1.46792743;2
3.0;26;0.33807724;1.20364768;1.4531867;2
3.0;27;0.34866681;1.19787846;1.43928906;2
3.0;28;0.35868699;1.19239059;1.4261956;2
3.0;29;0.36813792;1.18721673;1.41390262;2
3.0;30;0.3770278;1.18237691;1.40239524;2
3.0;31;0.38542911;1.1778145;1.39156631;2
3.0;32;0.39344637;1.17343293;1.38126402;2
3.0;33;0.40116177;1.16915821;1.37137041;2
3.0;34;0.40863134;1.16494391;1.36180618;2
3.0;35;0.41589454;1.16076061;1.35251646;2
3.0;36;0.42114511;1.15870816;1.34607424;2
3.0;37;0.42770224;1.15497075;1.33774233;2
3.0;38;0.43423551;1.15109354;1.3294281;2
3.0;39;0.43867621;1.1494855;1.3240626;2
3.0;40;0.44469019;1.14590838;1.31644358;2
3.0;41;0.44887789;1.14431675;1.31139448;2
3.0;42;0.45442375;1.14101775;1.30440048;2
3.0;43;0.45831939;1.13952059;1.29972518;2
3.0;44;0.46351475;1.13639429;1.29319283;2
3.0;45;0.46703782;1.13511358;1.28900634;2
3.0;46;0.47205003;1.13199104;1.28270357;2
3.0;47;0.47518271;1.13097199;1.27903187;2
3.0;48;0.48011868;1.12775014;1.272813;2
3.0;49;0.48290414;1.12696321;1.26959639;2
3.0;50;0.4877996;1.12361874;1.2634161;2
3.0;60;0.51577247;1.11107259;1.23012566;2
3.0;70;0.53616871;1.1026202;1.20669029;2
3.0;80;0.55286987;1.09525736;1.18771757;2
3.0;90;0.56468084;1.09141693;1.17492195;2
3.0;100;0.57481263;1.08788924;1.16395291;2
3.0;150;0.60854783;1.07584186;1.12776192;2
3.0;200;0.62631984;1.07079249;1.10948698;2
3.0;250;0.63701818;1.06875501;1.09895108;2
3.0;300;0.64511391;1.06680774;1.09089201;2
3.0;400;0.65511965;1.06541764;1.08143937;2
3.0;500;0.66177516;1.06429474;1.07578003;2
4.0;3;-0.33925553;1.29231767;3.0667014;1
4.0;4;-0.27384617;1.33263063;2.64146487;1
4.0;5;-0.17842237;1.30568677;2.32504474;2
4.0;6;-0.10351945;1.28047143;2.1234152;2
4.0;7;-0.04385895;1.25907562;1.98303464;2
4.0;8;0.00531721;1.24051005;1.87806452;2
4.0;9;0.04681766;1.22418253;1.79577065;2
4.0;10;0.08237306;1.20977956;1.72920285;2
4.0;11;0.11310014;1.19714657;1.67425683;2
4.0;12;0.14009745;1.18583088;1.62778108;2
4.0;13;0.16413542;1.17553151;1.58769868;2
4.0;14;0.1852524;1.16662301;1.55341681;2
4.0;15;0.20431374;1.15846053;1.52318002;2
4.0;16;0.22158923;1.15099057;1.49631974;2
4.0;17;0.23745763;1.14398455;1.47207257;2
4.0;18;0.25150446;1.1380737;1.45095894;2
4.0;19;0.26486126;1.1321056;1.43113001;2
4.0;20;0.27663176;1.12720945;1.41390285;2
4.0;21;0.28777009;1.12238807;1.39776417;2
4.0;22;0.298877;1.11702458;1.3817738;2
4.0;23;0.30840709;1.11295861;1.36823728;2
4.0;24;0.31740455;1.10904699;1.35555493;2
4.0;25;0.32593742;1.10525793;1.34360972;2
4.0;26;0.3327433;1.1030968;1.33425703;2
4.0;27;0.34013095;1.09992354;1.32405837;2
4.0;28;0.34734636;1.09664098;1.31413337;2
4.0;29;0.35437506;1.09329218;1.30450082;2
4.0;30;0.36123133;1.08988383;1.29513784;2
4.0;31;0.36582155;1.08888768;1.28908031;2
4.0;32;0.37209177;1.08570644;1.28058143;2
4.0;33;0.37633646;1.0846994;1.27502666;2
4.0;34;0.38208553;1.08173766;1.26728748;2
4.0;35;0.38598598;1.08077775;1.26222596;2
4.0;36;0.39132536;1.0779599;1.25507937;2
4.0;37;0.39482934;1.07715754;1.25058068;2
4.0;38;0.39992295;1.07433534;1.24378828;2
4.0;39;0.40301937;1.0737443;1.23986377;2
4.0;40;0.407987;1.07081282;1.23325431;2
4.0;41;0.41072334;1.07041084;1.22983281;2
4.0;42;0.41561099;1.06734589;1.2233427;2
4.0;43;0.41804804;1.06708922;1.22033559;2
4.0;44;0.42048517;1.06673837;1.21732742;2
4.0;45;0.42505746;1.0637528;1.21128284;2
4.0;46;0.42720884;1.06356543;1.20866843;2
4.0;47;0.42935328;1.06330683;1.20606281;2
4.0;48;0.43372765;1.06030706;1.20029945;2
4.0;49;0.43562264;1.06019587;1.19803549;2
4.0;50;0.43749516;1.06004371;1.19580217;2
4.0;60;0.45758971;1.05373465;1.17141206;2
4.0;70;0.47352378;1.04818807;1.15254682;2
4.0;80;0.48455822;1.045738;1.14018448;2
4.0;90;0.49387897;1.04338429;1.12975621;2
4.0;100;0.5019598;1.04107625;1.12066566;2
4.0;150;0.52731522;1.03511147;1.09307066;2
4.0;200;0.54188435;1.03167209;1.07760631;3
4.0;250;0.55067553;1.03050624;1.0684605;1
4.0;300;0.55540233;1.03166813;1.06420155;2
4.0;400;0.56316117;1.03142666;1.05760689;2
4.0;500;0.5665551;1.03307644;1.05675465;2
5.0;3;-0.30913319;1.25011308;3.17884941;2
5.0;4;-0.14087064;1.17162154;2.35936987;1
5.0;5;-0.05659306;1.14622117;2.04754663;1
5.0;6;-1.66413430e-03;1.13464542e+00;1.87855318e+00;2
5.0;7;0.04025876;1.12638266;1.76709498;2
5.0;8;0.07460033;1.11910489;1.68552736;2
5.0;9;0.10357711;1.11247886;1.62238021;2
5.0;10;0.12860839;1.10628046;1.57142697;2
5.0;11;0.15025784;1.10079886;1.52963688;2
5.0;12;0.16943843;1.09565994;1.49423934;2
5.0;13;0.18652094;1.09092015;1.46386058;2
5.0;14;0.20201707;1.08635581;1.43717213;2
5.0;15;0.21569322;1.08250979;1.41421354;2
5.0;16;0.22854776;1.0784548;1.39315438;2
5.0;17;0.23977226;1.07529182;1.37510935;2
5.0;18;0.2501854;1.07221878;1.35866827;2
5.0;19;0.25984539;1.06928058;1.34365544;2
5.0;20;0.26879464;1.06652138;1.32994017;2
5.0;21;0.27713659;1.06389903;1.31731443;2
5.0;22;0.28500973;1.06131758;1.30553094;2
5.0;23;0.29251919;1.05870939;1.29440417;2
5.0;24;0.29973432;1.05604014;1.28381016;2
5.0;25;0.30508708;1.055196;1.27606241;2
5.0;26;0.31143042;1.0528573;1.26688902;2
5.0;27;0.31775311;1.05024206;1.2578024;2
5.0;28;0.32204442;1.04975515;1.25174914;2
5.0;29;0.32781355;1.04727042;1.24354994;2
5.0;30;0.33169536;1.04679555;1.23814846;2
5.0;31;0.33703729;1.0443764;1.23062738;2
5.0;32;0.34048872;1.04401243;1.22588744;2
5.0;33;0.34556414;1.04153469;1.21879572;2
5.0;34;0.34859963;1.04132387;1.21468129;2
5.0;35;0.35352045;1.03870734;1.20784893;2
5.0;36;0.35619794;1.03862867;1.20426565;2
5.0;37;0.35891665;1.03836999;1.20063356;2
5.0;38;0.36339209;1.03587946;1.1944735;2
5.0;39;0.36573494;1.03583034;1.19138843;2
5.0;40;0.37024773;1.03306537;1.1852045;2
5.0;41;0.37232832;1.0331194;1.18249941;2
5.0;42;0.37436748;1.03312879;1.17985953;2
5.0;43;0.37640798;1.03304741;1.17722371;2
5.0;44;0.3805034;1.03040091;1.17165956;2
5.0;45;0.38227759;1.03047322;1.16940456;2
5.0;46;0.38402248;1.03050584;1.16719605;2
5.0;47;0.38577597;1.03045687;1.16498028;2
5.0;48;0.38961081;1.02781921;1.15981057;2
5.0;49;0.39112352;1.0279265;1.15793671;2
5.0;50;0.39260585;1.02800979;1.15610997;2
5.0;60;0.40944906;1.02359915;1.13522522;2
5.0;70;0.42064244;1.02224923;1.12226211;2
5.0;80;0.4298404;1.02082457;1.11181156;2
5.0;90;0.43779164;1.01916511;1.10266573;2
5.0;100;0.44481912;1.01732806;1.09452585;2
5.0;150;0.46442035;1.01579441;1.07336128;2
5.0;200;0.4753463;1.01544273;1.06160681;2
5.0;250;0.48308366;1.0146282;1.05328582;3
5.0;300;0.48881883;1.01377705;1.0475388;1
5.0;400;0.4933588;1.01634325;1.04568214;3
5.0;500;0.49804732;1.01578444;1.04224743;1
6.0;3;-0.27746112;1.2095978;3.14870404;2
6.0;4;-0.06189103;1.07117318;2.15000682;1
6.0;5;0.00574216;1.05596239;1.87304267;3
6.0;6;0.0467767;1.05401649;1.73060227;1
6.0;7;0.07782771;1.05348814;1.63822393;2
6.0;8;0.10342398;1.05251561;1.5710618;2
6.0;9;0.12523447;1.05108712;1.51915257;2
6.0;10;0.1442213;1.04930995;1.4773259;2
6.0;11;0.16074489;1.04758777;1.44302794;2
6.0;12;0.17560338;1.04558584;1.41376105;2
6.0;13;0.18871929;1.04381529;1.38893614;2
6.0;14;0.20097159;1.0415797;1.36664367;2
6.0;15;0.21161273;1.03998875;1.34776842;2
6.0;16;0.22140529;1.03835192;1.33085949;2
6.0;17;0.23046078;1.03669108;1.31558429;2
6.0;18;0.23889257;1.03499643;1.30165162;2
6.0;19;0.24681401;1.0332354;1.28880234;2
6.0;20;0.25432229;1.03137655;1.27682538;2
6.0;21;0.26003964;1.03111695;1.26775405;2
6.0;22;0.26655868;1.02945501;1.25761268;2
6.0;23;0.27297045;1.02751114;1.24776743;2
6.0;24;0.27752541;1.0274062;1.24080302;2
6.0;25;0.28328288;1.02554266;1.23212521;2
6.0;26;0.28739737;1.02533934;1.22596417;2
6.0;27;0.29263179;1.02352835;1.21819675;2
6.0;28;0.29626125;1.02339016;1.2128547;2
6.0;29;0.30119206;1.02146752;1.20563498;2
6.0;30;0.30433833;1.02147798;1.20107354;2
6.0;31;0.3091189;1.01933542;1.19415361;2
6.0;32;0.31186304;1.0194648;1.19022962;2
6.0;33;0.31653599;1.01711052;1.18353349;2
6.0;34;0.31896103;1.01731267;1.1801096;2
6.0;35;0.32133942;1.01743416;1.17677269;2
6.0;36;0.32570201;1.01502856;1.17059242;2
6.0;37;0.32780138;1.01523611;1.16768175;2
6.0;38;0.32985235;1.01539111;1.16485485;2
6.0;39;0.3319085;1.01543565;1.16203408;2
6.0;40;0.33584345;1.01310014;1.15652615;2
6.0;41;0.33761549;1.01329566;1.15412666;2
6.0;42;0.33935237;1.01344759;1.15178796;2
6.0;43;0.34324344;1.01089673;1.14639109;2
6.0;44;0.34478779;1.01112089;1.14433848;2
6.0;45;0.34628621;1.01132847;1.14236008;2
6.0;46;0.34774812;1.0115119;1.14044228;2
6.0;47;0.34919005;1.0116546;1.13856148;2
6.0;48;0.35278199;1.00910903;1.13364089;2
6.0;49;0.35405331;1.00933636;1.13201123;2
6.0;50;0.35528684;1.00955418;1.1304428;2
6.0;60;0.37193057;1.00393386;1.1093192;2
6.0;70;0.38180268;1.00306624;1.09777459;2
6.0;80;0.39009202;1.00186496;1.08812662;1
6.0;90;0.39485389;1.00343665;1.08297775;1
6.0;100;0.3988688;1.0047444;1.07867129;3
6.0;150;0.41632088;1.00398858;1.05933753;1
6.0;200;0.42634982;1.00377318;1.04770677;1
6.0;250;0.43103642;1.00597371;1.04380291;1
6.0;300;0.43614421;1.00533822;1.03883161;1
6.0;400;0.43996261;1.00791271;1.0380713;3
6.0;500;0.44430866;1.00731656;1.03470174;1
7.0;3;-0.24668807;1.17188695;3.06330483;2
7.0;4;-0.01526091;1.00792502;2.00616585;1
7.0;5;0.03906107;1.00145644;1.75992098;1
7.0;6;0.07091995;1.00557848;1.63545924;1
7.0;7;0.09502502;1.00967287;1.55531777;3
7.0;8;0.11503652;1.01246563;1.49730994;2
7.0;9;0.13229687;1.01410552;1.45245809;2
7.0;10;0.14753531;1.01483378;1.41619088;2
7.0;11;0.16077053;1.01536348;1.38663078;2
7.0;12;0.17309119;1.01495715;1.36084751;2
7.0;13;0.18371422;1.01490494;1.33944044;2
7.0;14;0.19341172;1.01459899;1.32067744;2
7.0;15;0.20233148;1.01408717;1.30401239;2
7.0;16;0.21060717;1.01338569;1.28901741;2
7.0;17;0.21835889;1.01249109;1.27535031;2
7.0;18;0.22451687;1.01278237;1.26454093;2
7.0;19;0.23110725;1.0119537;1.25336849;2
7.0;20;0.23755076;1.01076399;1.24268162;2
7.0;21;0.2424171;1.01098106;1.23459397;2
7.0;22;0.24806833;1.00984281;1.22548024;2
7.0;23;0.25375922;1.00828137;1.21646236;2
7.0;24;0.25749388;1.00872595;1.21047507;2
7.0;25;0.26276614;1.00702462;1.20230499;2
7.0;26;0.26603948;1.00744993;1.19717158;2
7.0;27;0.26932672;1.00761358;1.19208885;2
7.0;28;0.27389375;1.00600632;1.18517521;2
7.0;29;0.27670492;1.00631103;1.18089468;2
7.0;30;0.28120366;1.00438537;1.17419372;2
7.0;31;0.28366459;1.00474891;1.17049986;2
7.0;32;0.2860806;1.00500792;1.16690614;2
7.0;33;0.29026171;1.00297545;1.16078226;2
7.0;34;0.29237539;1.00331328;1.15767561;2
7.0;35;0.29443792;1.00358666;1.15466715;2
7.0;36;0.29843348;1.00138751;1.14889937;2
7.0;37;0.30026072;1.00171506;1.14626337;2
7.0;38;0.30203045;1.00200989;1.14372781;2
7.0;39;0.30376272;1.00225408;1.14126271;2
7.0;40;0.30749325;0.99996515;1.13595672;2
7.0;41;0.30903104;1.00026774;1.13379218;2
7.0;42;0.31051928;1.00055102;1.13171171;2
7.0;43;0.31196757;1.00080785;1.12970104;2
7.0;44;0.31339296;1.00102153;1.1277355;2
7.0;45;0.31684273;0.99868358;1.12290474;2
7.0;46;0.31810179;0.99896689;1.1211922;2
7.0;47;0.31932006;0.99923991;1.11954864;2
7.0;48;0.32050248;0.99949967;1.11796688;2
7.0;49;0.32165605;0.99974042;1.11643692;2
7.0;50;0.32279361;0.99994903;1.1149406;2
7.0;60;0.3362734;0.99708215;1.09765997;2
7.0;70;0.34492628;0.996893;1.08758768;3
7.0;80;0.35236467;0.99610928;1.07884973;2
7.0;90;0.35669498;0.9977024;1.07403332;2
7.0;100;0.36261571;0.99619418;1.06689058;3
7.0;150;0.37961398;0.99466437;1.0464933;3
7.0;200;0.38889059;0.99456082;1.03564112;3
7.0;250;0.39304819;0.99688181;1.03218824;1
7.0;300;0.3957829;0.998742;1.03067194;1
7.0;400;0.3992039;1.0012746;1.03007391;1
7.0;500;0.40129666;1.00270838;1.03074978;1
8.0;3;-0.22010257;1.139673;2.96850593;2
8.0;4;0.01285869;0.96679496;1.9066278;1
8.0;5;0.05745567;0.96662238;1.6830925;1
8.0;6;0.08308516;0.97456857;1.57066631;1
8.0;7;0.10250006;0.98153108;1.49859358;1
8.0;8;0.11879011;0.98659822;1.44650792;2
8.0;9;0.13284017;0.9902882;1.40652391;2
8.0;10;0.1456015;0.99248836;1.37379975;2
8.0;11;0.15668005;0.99432751;1.34722923;2
8.0;12;0.16666436;0.99560157;1.32473437;2
8.0;13;0.17574613;0.99643703;1.30532083;2
8.0;14;0.18409206;0.99690222;1.2882704;2
8.0;15;0.19184737;0.9970292;1.27304604;2
8.0;16;0.19912841;0.99683968;1.25925102;2
8.0;17;0.20472334;0.99790322;1.24859471;2
8.0;18;0.21104538;0.99745374;1.23722473;2
8.0;19;0.21716544;0.9966782;1.22651095;2
8.0;20;0.2214974;0.99754567;1.21877735;2
8.0;21;0.2270278;0.99653942;1.20945482;2
8.0;22;0.23078701;0.99727117;1.20297362;2
8.0;23;0.23588856;0.99604034;1.19463932;2
8.0;24;0.23915903;0.99670386;1.18915535;2
8.0;25;0.24241737;0.99710418;1.1837972;2
8.0;26;0.24682348;0.99585977;1.17682604;2
8.0;27;0.24959492;0.99636405;1.17234751;2
8.0;28;0.25393543;0.99475366;1.16563681;2
8.0;29;0.25635981;0.99527537;1.16178475;2
8.0;30;0.2587153;0.99570606;1.15808439;2
8.0;31;0.26275727;0.99391983;1.15197836;3
8.0;32;0.26482858;0.99438271;1.14876767;2
8.0;33;0.26683171;0.99479149;1.1456907;2
8.0;34;0.26880936;0.99510399;1.14268236;2
8.0;35;0.27247783;0.99322758;1.13726108;2
8.0;36;0.27419945;0.99362042;1.13466746;2
8.0;37;0.27586782;0.99397563;1.1321733;2
8.0;38;0.27750711;0.99427027;1.12974219;2
8.0;39;0.28098142;0.99222082;1.12470354;2
8.0;40;0.28242762;0.99257407;1.12257911;2
8.0;41;0.28382531;0.99290748;1.12054057;2
8.0;42;0.2851831;0.99321511;1.11857474;2
8.0;43;0.28651595;0.99348286;1.11665971;2
8.0;44;0.28977305;0.99131228;1.11202514;2
8.0;45;0.29095625;0.99163149;1.11034501;2
8.0;46;0.29209862;0.99194139;1.10873625;2
8.0;47;0.29320392;0.99224042;1.10719331;2
8.0;48;0.2942769;0.9925256;1.10570934;2
8.0;49;0.29532487;0.99279055;1.10427398;2
8.0;50;0.29837808;0.99052734;1.10002455;2
8.0;60;0.30803884;0.99143872;1.08757065;2
8.0;70;0.31364377;0.99436125;1.08152627;2
8.0;80;0.32039209;0.99392066;1.07343713;2
8.0;90;0.32641243;0.9929828;1.06611715;3
8.0;100;0.3297305;0.99437258;1.06237485;2
8.0;150;0.34566516;0.99314367;1.0422985;1
8.0;200;0.35371404;0.99384064;1.033488;1
8.0;250;0.35723386;0.99637302;1.03129786;1
8.0;300;0.36169484;0.99584432;1.02681265;1
8.0;400;0.36469438;0.9983114;1.02685163;1
8.0;500;0.36656257;0.99963646;1.02777616;1
9.0;3;-0.19832691;1.11324628;2.8811322;2
9.0;4;0.03025201;0.93906247;1.83575645;1
9.0;5;0.06767779;0.94338007;1.62873941;1
9.0;6;0.08889717;0.95379599;1.52456466;1
9.0;7;0.10499244;0.96259547;1.45796106;1
9.0;8;0.11857776;0.96918843;1.41001604;2
9.0;9;0.13042037;0.97411456;1.37321822;2
9.0;10;0.14099816;0.97773501;1.34361715;2
9.0;11;0.1505364;0.9804109;1.31908066;2
9.0;12;0.15919193;0.98240241;1.29829069;2
9.0;13;0.16712349;0.98384887;1.28031512;2
9.0;14;0.17448413;0.98481514;1.26446338;2
9.0;15;0.18139492;0.98534667;1.2502404;2
9.0;16;0.18679745;0.98685635;1.23906864;2
9.0;17;0.19279588;0.98695209;1.22751109;2
9.0;18;0.1975052;0.98798582;1.21837376;2
9.0;19;0.20275749;0.9878374;1.20874499;2
9.0;20;0.20802918;0.98719932;1.19938837;2
9.0;21;0.21160457;0.98819466;1.19281556;2
9.0;22;0.21509274;0.98893416;1.18656558;2
9.0;23;0.21959184;0.98812283;1.17896189;2
9.0;24;0.22257242;0.98885943;1.17375751;2
9.0;25;0.22691396;0.98767949;1.16665773;3
9.0;26;0.22950892;0.98838212;1.16223;2
9.0;27;0.23202026;0.98897174;1.15801035;2
9.0;28;0.23600436;0.98756706;1.15170929;2
9.0;29;0.23819887;0.98816326;1.14808402;2
9.0;30;0.24031619;0.98868924;1.1446274;2
9.0;31;0.24408667;0.98703965;1.13882671;2
9.0;32;0.24596532;0.98756227;1.13580318;2
9.0;33;0.24776978;0.98804654;1.1329256;2
9.0;34;0.24951813;0.9884797;1.13016389;2
9.0;35;0.25302017;0.98664628;1.12491646;2
9.0;36;0.25458413;0.98708686;1.12247337;2
9.0;37;0.25608839;0.98750398;1.12014134;2
9.0;38;0.25754162;0.9878933;1.11790579;2
9.0;39;0.25895654;0.98824488;1.11574677;2
9.0;40;0.26219705;0.98626441;1.11100807;2
9.0;41;0.2634686;0.98663492;1.1090866;2
9.0;42;0.26469375;0.98699217;1.1072486;2
9.0;43;0.26587685;0.98733485;1.10548705;2
9.0;44;0.26702305;0.98766028;1.10379393;2
9.0;45;0.26813989;0.98796256;1.10215815;2
9.0;46;0.27114971;0.98586431;1.09786287;2
9.0;47;0.272157;0.98618968;1.0964074;2
9.0;48;0.27312704;0.98651046;1.09501935;2
9.0;49;0.27406175;0.98682674;1.09369598;2
9.0;50;0.27496314;0.98713835;1.09243457;2
9.0;60;0.28368972;0.9884522;1.08088099;2
9.0;70;0.29073296;0.98902889;1.07267662;2
9.0;80;0.29499758;0.99124975;1.06784448;2
9.0;90;0.30060555;0.99047455;1.06088332;3
9.0;100;0.30409691;0.9914255;1.05619627;2
9.0;150;0.31886811;0.99072025;1.0373517;1
9.0;200;0.32618359;0.99174018;1.02960415;1
9.0;250;0.32937671;0.99424897;1.02789792;1
9.0;300;0.33151924;0.99602927;1.02751495;1
9.0;400;0.33636608;0.99613593;1.02376899;1
9.0;500;0.33814776;0.99729009;1.02467394;1
10.0;3;-0.18080074;1.09182763;2.80544902;2
10.0;4;0.04115207;0.91982905;1.78396722;1
10.0;5;0.07318986;0.92736702;1.58897969;1
10.0;6;0.09117333;0.93941311;1.49056924;1
10.0;7;0.1048459;0.9493876;1.42776217;3
10.0;8;0.11637087;0.95705699;1.38283174;3
10.0;9;0.1265932;0.96277809;1.34824511;2
10.0;10;0.13591634;0.96693703;1.32024472;3
10.0;11;0.14401785;0.97050038;1.29763652;2
10.0;12;0.15155841;0.97310677;1.27825779;2
10.0;13;0.15857711;0.9750144;1.26138812;2
10.0;14;0.16517262;0.97633613;1.24643084;2
10.0;15;0.17061398;0.9781255;1.2342256;2
10.0;16;0.17622671;0.97893599;1.22245973;2
10.0;17;0.18174693;0.97919354;1.21141426;2
10.0;18;0.18583714;0.98059943;1.20300876;2
10.0;19;0.19083369;0.98041266;1.19358741;2
10.0;20;0.1943415;0.98158641;1.18671307;2
10.0;21;0.1989719;0.98101332;1.17840114;3
10.0;22;0.20200747;0.98202897;1.17267384;2
10.0;23;0.2049126;0.98289811;1.16731052;2
10.0;24;0.20903246;0.98201128;1.16029224;2
10.0;25;0.21155416;0.98282179;1.15575731;2
10.0;26;0.21398165;0.98352359;1.15146669;2
10.0;27;0.21777953;0.98234413;1.14526059;2
10.0;28;0.21990482;0.98302225;1.14157703;2
10.0;29;0.22194349;0.98363675;1.13808891;2
10.0;30;0.22393911;0.98414815;1.13472483;2
10.0;31;0.22736381;0.98275818;1.1293404;2
10.0;32;0.22910345;0.98330408;1.12644228;2
10.0;33;0.23077753;0.98380809;1.12368113;2
10.0;34;0.2324076;0.98425259;1.12102164;2
10.0;35;0.23564629;0.98260685;1.1160867;3
10.0;36;0.23709653;0.9830654;1.11374481;2
10.0;37;0.2384912;0.98350068;1.11151036;2
10.0;38;0.23983806;0.98390909;1.10936986;2
10.0;39;0.24114841;0.98428208;1.1073052;2
10.0;40;0.24418775;0.98243929;1.10280365;2
10.0;41;0.24537047;0.98282056;1.10095784;2
10.0;42;0.24650917;0.98318943;1.09919352;2
10.0;43;0.24760737;0.98354538;1.09750474;2
10.0;44;0.24866889;0.98388718;1.09588531;2
10.0;45;0.24969856;0.98421205;1.09432787;2
10.0;46;0.25070412;0.98451337;1.09282118;2
10.0;47;0.25349106;0.98254953;1.08881701;2
10.0;48;0.25439534;0.9828752;1.08748135;2
10.0;49;0.25526514;0.98319784;1.08621054;2
10.0;50;0.2561018;0.98351796;1.0850029;2
10.0;60;0.26427288;0.98489585;1.07396988;2
10.0;70;0.26888918;0.98803082;1.0689832;2
10.0;80;0.27470851;0.98794131;1.0618252;3
10.0;90;0.28068109;0.9865219;1.05325411;3
10.0;100;0.28391416;0.9875614;1.04881256;3
10.0;150;0.29550863;0.98995361;1.03468192;2
10.0;200;0.30228532;0.99110026;1.02778538;1
10.0;250;0.30715836;0.99135912;1.02298995;1
10.0;300;0.30919523;0.99310069;1.02248962;1
10.0;400;0.31180386;0.99516017;1.02303222;1
10.0;500;0.31347464;0.99610051;1.02414533;1
11.0;3;-0.16671566;1.07445117;2.74127676;2
11.0;4;0.04802789;0.90613813;1.74508331;1
11.0;5;0.07587573;0.91607511;1.55911911;1
11.0;6;0.09139516;0.92923135;1.46484107;1
11.0;7;0.10324649;0.9399577;1.40471226;1
11.0;8;0.11326641;0.94827542;1.36182884;1
11.0;9;0.12214381;0.95464751;1.32901519;1
11.0;10;0.13021144;0.9594966;1.30265303;1
11.0;11;0.13766089;0.96314969;1.28070232;3
11.0;12;0.14423812;0.96630332;1.26253227;2
11.0;13;0.15042833;0.96866975;1.24667027;2
11.0;14;0.15638672;0.97028061;1.23243715;2
11.0;15;0.16129985;0.97228146;1.22080349;2
11.0;16;0.16646453;0.97324568;1.20950745;2
11.0;17;0.17066551;0.97474465;1.20028626;2
11.0;18;0.17527922;0.97519983;1.19088946;2
11.0;19;0.17883022;0.97646923;1.18349137;2
11.0;20;0.18314593;0.97639306;1.1752425;2
11.0;21;0.18617482;0.97751338;1.16918536;2
11.0;22;0.19028752;0.97698639;1.1617275;3
11.0;23;0.19291908;0.97797178;1.15664769;2
11.0;24;0.19542583;0.97884913;1.15190402;2
11.0;25;0.19918134;0.97796161;1.14545545;3
11.0;26;0.20138195;0.97876164;1.14139882;2
11.0;27;0.2034789;0.97949532;1.13759047;2
11.0;28;0.20550787;0.98013589;1.13396608;2
11.0;29;0.20887893;0.97896255;1.12846386;3
11.0;30;0.21066282;0.97959065;1.12532927;2
11.0;31;0.21237105;0.98017532;1.12236153;2
11.0;32;0.21402223;0.9807042;1.11952744;2
11.0;33;0.21718374;0.97925113;1.11456797;1
11.0;34;0.21866249;0.97976446;1.11206341;2
11.0;35;0.22008022;0.98025255;1.10968299;2
11.0;36;0.22144448;0.980713;1.1074123;2
11.0;37;0.22276508;0.98113994;1.10523428;2
11.0;38;0.22406025;0.98151646;1.10312047;2
11.0;39;0.22691881;0.97987602;1.09880302;2
11.0;40;0.22807321;0.9802754;1.0969334;2
11.0;41;0.22918474;0.98066028;1.09514633;2
11.0;42;0.23025717;0.98102993;1.09343509;2
11.0;43;0.23129487;0.98138256;1.09179242;2
11.0;44;0.23230389;0.98171399;1.09020897;2
11.0;45;0.2350145;0.97987388;1.08624343;3
11.0;46;0.23593425;0.98020916;1.08481738;2
11.0;47;0.23681915;0.98053943;1.08345768;2
11.0;48;0.23767057;0.98086537;1.08216235;2
11.0;49;0.23848979;0.98118762;1.0809298;2
11.0;50;0.23927802;0.9815067;1.07975863;2
11.0;60;0.24701105;0.98290157;1.06914086;2
11.0;70;0.25303588;0.98386779;1.06208219;3
11.0;80;0.25745652;0.98532719;1.05570597;2
11.0;90;0.26298717;0.98419562;1.04778696;3
11.0;100;0.26597327;0.98533768;1.04364886;1
11.0;150;0.27661819;0.98816922;1.03093096;3
11.0;200;0.2829542;0.98945027;1.02453487;1
11.0;250;0.28564078;0.99186993;1.023599;1
11.0;300;0.28943508;0.99154007;1.01956668;1
11.0;400;0.2919451;0.99354228;1.01990056;3
11.0;500;0.29351491;0.99440925;1.02103259;1
12.0;3;-0.15533934;1.06026655;2.68715309;2
12.0;4;0.05233131;0.89618621;1.71520841;1
12.0;5;0.07682731;0.90797055;1.53617819;1
12.0;6;0.09040692;0.92190575;1.44495962;2
12.0;7;0.10084406;0.93312151;1.38674957;1
12.0;8;0.10971081;0.94184211;1.34531228;1
12.0;9;0.11756778;0.9486207;1.31374364;2
12.0;10;0.12466709;0.9539365;1.28856999;3
12.0;11;0.13126442;0.95801374;1.26764178;3
12.0;12;0.13747927;0.96108357;1.24972543;2
12.0;13;0.14282735;0.96400172;1.23492573;2
12.0;14;0.14821216;0.96589234;1.22134139;2
12.0;15;0.15276521;0.96796114;1.21004147;2
12.0;16;0.1574811;0.96913341;1.19923737;2
12.0;17;0.16132364;0.97076445;1.19038174;2
12.0;18;0.16563698;0.97130502;1.18127999;3
12.0;19;0.16888716;0.9726861;1.17418518;2
12.0;20;0.17295965;0.97266835;1.16617153;1
12.0;21;0.17575899;0.97385144;1.16033063;2
12.0;22;0.1784302;0.97488102;1.15490165;2
12.0;23;0.18209372;0.9744164;1.14818804;1
12.0;24;0.18441011;0.97535042;1.14362511;2
12.0;25;0.18661907;0.97619171;1.13935652;2
12.0;26;0.19004338;0.97533484;1.13342946;1
12.0;27;0.19199594;0.97609919;1.12975119;3
12.0;28;0.19385346;0.97681181;1.12630019;2
12.0;29;0.19563544;0.97746304;1.12303708;2
12.0;30;0.19738339;0.97801436;1.11989277;2
12.0;31;0.20038245;0.97688714;1.11499795;2
12.0;32;0.2019072;0.97745952;1.11228608;2
12.0;33;0.20336892;0.97799825;1.10971319;2
12.0;34;0.20477928;0.97849701;1.10725756;2
12.0;35;0.20616026;0.97893586;1.10488354;2
12.0;36;0.20896271;0.97752019;1.1005105;1
12.0;37;0.21019081;0.97797223;1.09841768;2
12.0;38;0.21137112;0.97840527;1.09642219;2
12.0;39;0.21250849;0.97881823;1.0945146;2
12.0;40;0.21360877;0.97920841;1.0926846;2
12.0;41;0.21468075;0.97956897;1.09091798;2
12.0;42;0.21732075;0.97791549;1.08695367;1
12.0;43;0.21829561;0.97827588;1.08536245;2
12.0;44;0.2192341;0.97862719;1.08384196;2
12.0;45;0.22013821;0.97896985;1.08238865;2
12.0;46;0.22100986;0.97930419;1.08099937;2
12.0;47;0.22185097;0.97963026;1.0796712;2
12.0;48;0.22266371;0.97994764;1.07840112;2
12.0;49;0.22345098;0.98025481;1.07718535;2
12.0;50;0.22421788;0.98054733;1.07601726;2
12.0;60;0.23152713;0.98201301;1.06581522;2
12.0;70;0.23733255;0.98292092;1.05870946;3
12.0;80;0.24190015;0.98399453;1.05146176;2
12.0;90;0.24708897;0.98306811;1.04398284;1
12.0;100;0.24983944;0.98432151;1.04017549;2
12.0;150;0.25968218;0.987475;1.02872018;2
12.0;200;0.26565307;0.98881071;1.02280706;1
12.0;250;0.26816115;0.99116593;1.02210394;1
12.0;300;0.27182874;0.99085834;1.01807524;3
12.0;400;0.27419258;0.9927349;1.01857392;3
12.0;500;0.27568829;0.99349311;1.01973578;1
13.0;3;-0.14608513;1.04859669;2.64143988;2
13.0;4;0.05495317;0.88882404;1.69179292;1
13.0;5;0.07670317;0.90207404;1.51820207;3
13.0;6;0.08870897;0.91657844;1.42930997;1
13.0;7;0.09800925;0.92812346;1.37252022;1
13.0;8;0.10594303;0.93711883;1.33216414;1
13.0;9;0.11300506;0.94414519;1.30147934;1
13.0;10;0.11947138;0.9496191;1.2769651;1
13.0;11;0.12530192;0.9540982;1.25694424;2
13.0;12;0.13085666;0.9575068;1.23979009;3
13.0;13;0.13619503;0.96003649;1.22474099;1
13.0;14;0.14067492;0.96265935;1.21235405;3
13.0;15;0.14545232;0.96413438;1.20049782;1
13.0;16;0.14923803;0.96614078;1.19095194;1
13.0;17;0.15285627;0.96777933;1.18227317;2
13.0;18;0.15682184;0.96849781;1.17355163;1
13.0;19;0.15985827;0.96991657;1.16664281;2
13.0;20;0.16366461;0.9700147;1.15890777;1
13.0;21;0.16629066;0.97121891;1.15321216;1
13.0;22;0.16877721;0.97229695;1.14795257;2
13.0;23;0.17224603;0.97190237;1.14143684;1
13.0;24;0.17442593;0.97284893;1.13698621;1
13.0;25;0.17649063;0.97372196;1.13284628;2
13.0;26;0.17847269;0.97450168;1.12895046;2
13.0;27;0.18158979;0.9737027;1.1235073;1
13.0;28;0.18334083;0.97442473;1.12014392;1
13.0;29;0.18500837;0.97510169;1.11698349;2
13.0;30;0.18660747;0.97572718;1.11399444;2
13.0;31;0.18816585;0.97627772;1.11112877;2
13.0;32;0.19097534;0.97516053;1.10651767;1
13.0;33;0.19235536;0.97570618;1.10401229;2
13.0;34;0.19367694;0.97622493;1.10163642;2
13.0;35;0.19494737;0.97671478;1.09937499;2
13.0;36;0.19617626;0.97717012;1.09721034;2
13.0;37;0.19738265;0.97757302;1.09511207;2
13.0;38;0.19996585;0.97618567;1.09108271;1
13.0;39;0.20104352;0.97660047;1.08922256;2
13.0;40;0.20208003;0.97700036;1.08744682;2
13.0;41;0.2030787;0.9773852;1.08574884;2
13.0;42;0.20404305;0.97775425;1.08412205;2
13.0;43;0.20497731;0.97810556;1.08255916;2
13.0;44;0.20588792;0.97843413;1.08105007;2
13.0;45;0.20831887;0.97681327;1.07741865;3
13.0;46;0.20915078;0.9771417;1.07605544;2
13.0;47;0.2099511;0.97746509;1.07475536;2
13.0;48;0.21072078;0.97778443;1.07351708;2
13.0;49;0.21146059;0.97810075;1.07233985;2
13.0;50;0.21217114;0.97841512;1.07122339;2
13.0;60;0.21919028;0.97983657;1.06130695;2
13.0;70;0.2239059;0.98195277;1.05432557;2
13.0;80;0.22971;0.9812176;1.04549681;1
13.0;90;0.23273586;0.98277442;1.04129101;1
13.0;100;0.2370179;0.98193782;1.03530414;1
13.0;150;0.24624159;0.98532959;1.02455507;3
13.0;200;0.25001166;0.98890041;1.02231802;1
13.0;250;0.25427022;0.98922044;1.01798093;3
13.0;300;0.25595301;0.99076795;1.01789341;1
13.0;400;0.25815227;0.99242845;1.01880326;1
13.0;500;0.25956556;0.99297527;1.02018407;1
14.0;3;-0.13850144;1.03891976;2.60266613;2
14.0;4;0.05645553;0.88329903;1.67311371;1
14.0;5;0.07590819;0.89774421;1.503884;2
14.0;6;0.08660852;0.91267709;1.41679315;1
14.0;7;0.09498229;0.92443568;1.36105915;1
14.0;8;0.10217536;0.93358393;1.32147184;1
14.0;9;0.10858144;0.94077977;1.29146084;1
14.0;10;0.11440857;0.94649419;1.26763324;1
14.0;11;0.1198637;0.95096767;1.24790431;1
14.0;12;0.12477598;0.95474902;1.23150896;1
14.0;13;0.12959156;0.95755416;1.21704435;1
14.0;14;0.13378401;0.96020912;1.20489445;1
14.0;15;0.13813294;0.961917;1.19351178;1
14.0;16;0.14169642;0.96393617;1.18413859;1
14.0;17;0.14571138;0.96485501;1.17470132;1
14.0;18;0.14876094;0.96647361;1.16723886;1
14.0;19;0.15163699;0.96789051;1.16044772;2
14.0;20;0.15517225;0.96813466;1.1530058;1
14.0;21;0.15765444;0.96934584;1.14742144;1
14.0;22;0.16000495;0.9704331;1.14226892;2
14.0;23;0.16326116;0.97014967;1.13598174;1
14.0;24;0.16532801;0.97109769;1.13161696;1
14.0;25;0.16728291;0.97197666;1.12756327;1
14.0;26;0.16915101;0.97277514;1.12376428;2
14.0;27;0.17211019;0.97205379;1.11849074;1
14.0;28;0.17377542;0.97277354;1.11519183;1
14.0;29;0.17535826;0.9734527;1.11209732;3
14.0;30;0.17687014;0.9740888;1.10918092;2
14.0;31;0.17832631;0.97467338;1.10641207;2
14.0;32;0.18103044;0.97359682;1.10191274;1
14.0;33;0.1823469;0.97413759;1.09945432;1
14.0;34;0.1836054;0.97465474;1.09712661;2
14.0;35;0.1848116;0.97514798;1.09491686;2
14.0;36;0.18597144;0.97561601;1.09281238;2
14.0;37;0.18709233;0.97605515;1.09079905;2
14.0;38;0.18818705;0.97645449;1.08885564;2
14.0;39;0.19063136;0.9751015;1.08502581;3
14.0;40;0.19162294;0.97549559;1.08328209;1
14.0;41;0.19257672;0.97587696;1.08161699;2
14.0;42;0.19349533;0.97624585;1.08002514;2
14.0;43;0.19438125;0.97660235;1.07850153;2
14.0;44;0.1952371;0.97694614;1.07704134;2
14.0;45;0.19606592;0.97727612;1.07563942;2
14.0;46;0.19687209;0.97758929;1.07428908;2
14.0;47;0.19914962;0.97601659;1.07089279;3
14.0;48;0.19988992;0.97632669;1.06967066;3
14.0;49;0.20060065;0.9766349;1.06850965;2
14.0;50;0.20128209;0.97694265;1.06741009;2
14.0;60;0.20795347;0.97843185;1.05790986;3
14.0;70;0.21301707;0.97993433;1.04949701;2
14.0;80;0.21840583;0.97947972;1.04141152;2
14.0;90;0.2213662;0.98098006;1.03706413;1
14.0;100;0.22361956;0.98249714;1.0341793;2
14.0;150;0.23223861;0.9860386;1.02453693;1
14.0;200;0.2376431;0.98746874;1.01919568;3
14.0;250;0.23988313;0.98970199;1.01875041;1
14.0;300;0.24143768;0.99111521;1.01902808;1
14.0;400;0.24543307;0.99132281;1.01525873;1
14.0;500;0.2468486;0.99205053;1.01613346;1
15.0;3;-0.13224395;1.03083617;2.56960238;2
15.0;4;0.05720279;0.87910682;1.6579267;1
15.0;5;0.07470045;0.89454561;1.49231161;2
15.0;6;0.08429399;0.90981414;1.4066481;1
15.0;7;0.09188564;0.92172336;1.35173081;1
15.0;8;0.09845074;0.93097753;1.31273694;1
15.0;9;0.10433668;0.9382523;1.28319273;1
15.0;10;0.10972221;0.94403106;1.2597454;1
15.0;11;0.11464057;0.948744;1.24059329;1
15.0;12;0.11935186;0.95241077;1.22426246;1
15.0;13;0.12355944;0.9556342;1.21053999;1
15.0;14;0.12782759;0.95791443;1.19807174;1
15.0;15;0.13144061;0.96026038;1.18766004;1
15.0;16;0.13485922;0.96222569;1.17835385;1
15.0;17;0.13849964;0.96338894;1.16934534;1
15.0;18;0.14139449;0.96500447;1.16199113;1
15.0;19;0.14421184;0.96631595;1.15517498;2
15.0;20;0.14740475;0.96681343;1.14813933;1
15.0;21;0.14976516;0.96802251;1.14264156;1
15.0;22;0.15201859;0.9690878;1.13754638;2
15.0;23;0.15504694;0.9689501;1.13151385;1
15.0;24;0.1570149;0.96989666;1.1272207;1
15.0;25;0.15887855;0.97077238;1.12323262;1
15.0;26;0.16066462;0.97156312;1.11948992;2
15.0;27;0.16344835;0.97095311;1.1144126;1
15.0;28;0.16503831;0.97166898;1.11116789;1
15.0;29;0.16654956;0.97234488;1.10812561;1
15.0;30;0.1679925;0.97297924;1.1052603;2
15.0;31;0.16938114;0.97356467;1.1025432;2
15.0;32;0.17194867;0.97257641;1.09819939;1
15.0;33;0.1732093;0.97311152;1.09578084;1
15.0;34;0.17441401;0.9736239;1.09349209;1
15.0;35;0.17556789;0.97411375;1.09132089;2
15.0;36;0.17667615;0.97458046;1.08925557;2
15.0;37;0.17774466;0.97502205;1.08728398;2
15.0;38;0.17878186;0.97543283;1.08539087;2
15.0;39;0.18112849;0.97414206;1.08167467;3
15.0;40;0.18208106;0.97452941;1.07995781;3
15.0;41;0.18299706;0.97490468;1.07831886;1
15.0;42;0.18387879;0.97526834;1.07675264;2
15.0;43;0.18472846;0.97562072;1.07525452;2
15.0;44;0.18554817;0.97596207;1.07382028;2
15.0;45;0.18634002;0.97629235;1.07244599;2
15.0;46;0.18710639;0.97661097;1.07112766;2
15.0;47;0.18785055;0.97691602;1.06986041;2
15.0;48;0.19000945;0.97540677;1.06663184;3
15.0;49;0.19069538;0.97570618;1.06548359;2
15.0;50;0.19135267;0.9760056;1.06439638;2
15.0;60;0.19663671;0.97897949;1.05613333;2
15.0;70;0.20303631;0.97857455;1.04570316;1
15.0;80;0.20828421;0.97814208;1.03757416;2
15.0;90;0.21096304;0.97980355;1.03379329;1
15.0;100;0.21306679;0.98136715;1.03112614;3
15.0;150;0.22121373;0.98504001;1.02207739;1
15.0;200;0.22634967;0.98659079;1.01693204;3
15.0;250;0.22851563;0.98878796;1.01640893;3
15.0;300;0.23002998;0.99019653;1.01654398;1
15.0;400;0.23202059;0.99156872;1.01774454;1
15.0;500;0.23520588;0.99153672;1.01335455;1
20.0;3;-0.11343682;1.00563249;2.46092773;2
20.0;4;0.05590398;0.8686879;1.61255373;1
20.0;5;0.06667313;0.88750878;1.45814552;1
20.0;6;0.07247014;0.90381221;1.37663371;1
20.0;7;0.07742555;0.91605158;1.32389277;1
20.0;8;0.0819632;0.92538537;1.28630715;1
20.0;9;0.08617354;0.93267599;1.2578405;1
20.0;10;0.09005617;0.93854025;1.23540675;1
20.0;11;0.09369238;0.94329482;1.21709271;1
20.0;12;0.09705067;0.94726946;1.20185553;1
20.0;13;0.10024419;0.95053918;1.18880449;1
20.0;14;0.10321146;0.95333772;1.17755649;1
20.0;15;0.10597125;0.95576482;1.16774541;1
20.0;16;0.10862705;0.95778997;1.15896793;1
20.0;17;0.11126548;0.95938021;1.15092103;1
20.0;18;0.11356722;0.96099218;1.14394929;1
20.0;19;0.11573238;0.96243014;1.13764756;1
20.0;20;0.11826355;0.96311446;1.13118832;1
20.0;21;0.1201974;0.96426995;1.12593844;1
20.0;22;0.12201095;0.96533739;1.12114096;1
20.0;23;0.12372099;0.96632192;1.11672814;1
20.0;24;0.12535129;0.96721587;1.11263312;1
20.0;25;0.12760029;0.96716745;1.10780867;1
20.0;26;0.12906461;0.96793826;1.10427708;1
20.0;27;0.13044852;0.96866789;1.10099406;1
20.0;28;0.13176473;0.96935259;1.0979242;1
20.0;29;0.133021;0.9699938;1.09504319;1
20.0;30;0.13423168;0.9705833;1.09231878;1
20.0;31;0.13546125;0.97104873;1.08964767;1
20.0;32;0.13738728;0.97054927;1.08605051;1
20.0;33;0.13844315;0.9710521;1.08376379;1
20.0;34;0.13945254;0.97153359;1.08160172;1
20.0;35;0.14041828;0.97199594;1.07955509;1
20.0;36;0.14134679;0.9724359;1.07760892;1
20.0;37;0.14231335;0.97277286;1.07556002;1
20.0;38;0.14310833;0.97324672;1.07397941;1
20.0;39;0.14396277;0.97359874;1.072258;1
20.0;40;0.1464625;0.97191339;1.0674018;1
20.0;41;0.14789229;0.97152769;1.06406324;1
20.0;42;0.14939634;0.97102351;1.06048174;1
20.0;43;0.15044817;0.97098567;1.05812419;1
20.0;44;0.15075641;0.97172787;1.05783856;1
20.0;45;0.15102966;0.97247209;1.05764391;1
20.0;46;0.15144919;0.9730239;1.05702821;1
20.0;47;0.15200183;0.97340127;1.05602699;1
20.0;48;0.1527017;0.97359216;1.05460311;1
20.0;49;0.15352881;0.97361333;1.05286697;1
20.0;50;0.155611;0.97205021;1.04916691;1
20.0;60;0.16052013;0.97445036;1.03994545;1
20.0;70;0.16537499;0.97501054;1.03201358;1
20.0;80;0.16779472;0.97724428;1.02851942;3
20.0;90;0.169702;0.97918517;1.02604278;3
20.0;100;0.17121507;0.98087801;1.02441798;2
20.0;150;0.17766618;0.98469779;1.01778321;3
20.0;200;0.18201591;0.98622438;1.01329576;1
20.0;250;0.18376442;0.98812347;1.01324221;1
20.0;300;0.18501916;0.9892741;1.01357217;1
20.0;400;0.1866915;0.99020822;1.01492144;1
20.0;500;0.18777115;0.99010073;1.01661143;1
24.0;3;-0.10647529;0.99554112;2.41297954;2
24.0;4;0.05297599;0.86602431;1.59447605;1
24.0;5;0.06049388;0.88642937;1.44477925;1
24.0;6;0.064387;0.90323112;1.36494676;1
24.0;7;0.0680102;0.91560745;1.31300431;1
24.0;8;0.07153447;0.92492743;1.27586571;1
24.0;9;0.07494274;0.93212645;1.24766798;1
24.0;10;0.07816139;0.93787137;1.22542131;1
24.0;11;0.08118098;0.94256144;1.20733631;1
24.0;12;0.08404783;0.94641168;1.19222188;1
24.0;13;0.08671684;0.94967399;1.17942336;1
24.0;14;0.08920723;0.95247235;1.16841625;1
24.0;15;0.09160847;0.9548095;1.15871589;1
24.0;16;0.09385157;0.95685783;1.15017852;1
24.0;17;0.09594857;0.95867269;1.14260035;1
24.0;18;0.09791556;0.96029141;1.13581795;1
24.0;19;0.1000152;0.96143392;1.12932842;1
24.0;20;0.10181436;0.96267403;1.12370203;1
24.0;21;0.10351198;0.96379773;1.11856754;1
24.0;22;0.10510639;0.96483503;1.1138768;1
24.0;23;0.10661631;0.96578523;1.1095595;1
24.0;24;0.10807448;0.96662731;1.10553257;1
24.0;25;0.10993907;0.96680502;1.10109946;1
24.0;26;0.11124982;0.96753207;1.09763444;1
24.0;27;0.11248617;0.96822331;1.09442437;1
24.0;28;0.11366358;0.96887099;1.09141855;1
24.0;29;0.11478499;0.96948125;1.08860409;1
24.0;30;0.11585889;0.97005226;1.08595638;1
24.0;31;0.11690425;0.97056848;1.08343515;1
24.0;32;0.11860937;0.97017172;1.08005348;1
24.0;33;0.12030593;0.96979755;1.07582079;1
24.0;34;0.12193266;0.96944306;1.07175319;1
24.0;35;0.12375647;0.96881524;1.06711642;1
24.0;36;0.12557567;0.9681447;1.06247259;1
24.0;37;0.12812314;0.96646878;1.05712887;1
24.0;38;0.12861852;0.96715126;1.05618318;1
24.0;39;0.12876114;0.96817161;1.05622775;1
24.0;40;0.1291129;0.9689229;1.05568131;1
24.0;41;0.12969034;0.96939415;1.05448839;1
24.0;42;0.13045285;0.96963512;1.05275453;1
24.0;43;0.13133012;0.969725;1.05067211;1
24.0;44;0.13243345;0.96955562;1.04790349;1
24.0;45;0.13351116;0.96938941;1.04518221;1
24.0;46;0.13396758;0.96981817;1.04431099;1
24.0;47;0.13403233;0.97060647;1.04461438;1
24.0;48;0.13431954;0.97115019;1.04423937;1
24.0;49;0.13483468;0.97144864;1.04316926;1
24.0;50;0.1355233;0.97155072;1.04160978;1
24.0;60;0.14067949;0.97291729;1.03217459;1
24.0;70;0.14335389;0.97560437;1.02766932;2
24.0;80;0.14679158;0.9761555;1.02244736;1
24.0;90;0.14834414;0.97812591;1.0205562;1
24.0;100;0.14960239;0.97981289;1.01925294;3
24.0;150;0.15522514;0.98372506;1.01331333;1
24.0;200;0.1575221;0.98665436;1.01281743;1
24.0;250;0.15902835;0.98827725;1.01314758;1
24.0;300;0.16009894;0.98912276;1.01387551;3
24.0;400;0.16152958;0.98942669;1.01587704;1
24.0;500;0.16440013;0.99025929;1.01021228;1
40.0;3;-0.09965379;0.98286108;2.33702199;2
40.0;4;0.04270872;0.86578074;1.56759272;2
40.0;5;0.04411146;0.88898334;1.42533836;1
40.0;6;0.04411678;0.90686255;1.34826514;1
40.0;7;0.04490673;0.91965217;1.29760037;1
40.0;8;0.04625556;0.92903122;1.2610644;1
40.0;9;0.04790102;0.93612824;1.23318155;1
40.0;10;0.049671;0.94166023;1.21106916;1
40.0;11;0.05146785;0.94608321;1.19303038;1
40.0;12;0.05322994;0.94970707;1.17800413;1
40.0;13;0.0549621;0.95269193;1.16521843;1
40.0;14;0.05664935;0.95518044;1.15418169;1
40.0;15;0.05825352;0.95731456;1.14456416;1
40.0;16;0.05977316;0.95916843;1.13610959;1
40.0;17;0.06120962;0.96079813;1.12861569;1
40.0;18;0.06256979;0.96224104;1.12191864;1
40.0;19;0.06415316;0.96318849;1.11514295;1
40.0;20;0.06640664;0.96316388;1.10701386;1
40.0;21;0.06893199;0.96266806;1.09840327;1
40.0;22;0.07164129;0.96183142;1.08945937;1
40.0;23;0.07478142;0.96038483;1.07963586;1
40.0;24;0.07813433;0.95862875;1.0691875;1
40.0;25;0.08157562;0.95671578;1.05846593;1
40.0;26;0.08213609;0.95768672;1.05668696;1
40.0;27;0.08126147;0.96021741;1.05820114;1
40.0;28;0.08147202;0.96146773;1.05714933;1
40.0;29;0.08270448;0.96151974;1.05372858;1
40.0;30;0.08429745;0.96126372;1.04870062;1
40.0;31;0.0861375;0.96073763;1.04289335;1
40.0;32;0.08695995;0.96112294;1.04024297;1
40.0;33;0.08654095;0.96260381;1.04151643;1
40.0;34;0.08670389;0.96351512;1.04097929;1
40.0;35;0.08746402;0.9638638;1.03855647;1
40.0;36;0.08869316;0.96378826;1.03460743;1
40.0;37;0.08924454;0.96423939;1.03289242;3
40.0;38;0.08889522;0.96537974;1.03418313;1
40.0;39;0.08922168;0.96596284;1.0332235;1
40.0;40;0.09003363;0.96615519;1.03063181;1
40.0;41;0.09157505;0.96533481;1.02720009;1
40.0;42;0.09040324;0.96735288;1.02979094;1
40.0;43;0.09156371;0.96677414;1.02763489;1
40.0;44;0.0922064;0.96700798;1.02566261;2
40.0;45;0.09258318;0.96739808;1.02460359;2
40.0;46;0.09246134;0.96808956;1.0252738;2
40.0;47;0.09279435;0.96848238;1.02435587;2
40.0;48;0.09333286;0.96873854;1.02270962;3
40.0;49;0.0933195;0.96928736;1.02303316;3
40.0;50;0.09345957;0.96974064;1.02280191;3
40.0;60;0.09549364;0.97322285;1.01816134;1
40.0;70;0.09674287;0.97608815;1.01618736;3
40.0;80;0.09771476;0.97834714;1.01506514;3
40.0;90;0.09852538;0.98016639;1.01434232;3
40.0;100;0.09919815;0.9816297;1.01398466;2
40.0;150;0.10310285;0.98505082;1.00962407;1
40.0;200;0.10458008;0.98712138;1.01008046;3
40.0;250;0.10557731;0.98796871;1.01102647;3
40.0;300;0.1063092;0.98813414;1.01213099;3
40.0;400;0.10731685;0.98725939;1.01455591;1
40.0;500;0.10800212;0.98562215;1.01688007;1
50.0;3;-0.09989311;0.98150277;2.32072633;2
50.0;4;0.03846559;0.86707095;1.5620119;2
50.0;5;0.03821043;0.89093452;1.42135299;1
50.0;6;0.03707293;0.90911625;1.34490723;1
50.0;7;0.03698136;0.92206281;1.29455368;1
50.0;8;0.03761471;0.9315216;1.25818611;1
50.0;9;0.03866503;0.93864784;1.23039117;1
50.0;10;0.03993606;0.94416857;1.2083103;1
50.0;11;0.04130042;0.94856298;1.19028268;1
50.0;12;0.04270609;0.95211559;1.17522823;1
50.0;13;0.04410535;0.95504744;1.16242264;1
50.0;14;0.04547814;0.95749974;1.15138322;1
50.0;15;0.04704642;0.9593042;1.1411724;1
50.0;16;0.0493697;0.95989752;1.12998293;1
50.0;17;0.05211564;0.95973542;1.11839528;1
50.0;18;0.05534546;0.95880745;1.10606636;1
50.0;19;0.05907237;0.95714803;1.09282738;1
50.0;20;0.06328687;0.95484749;1.07834203;1
50.0;21;0.06787389;0.95204465;1.06305825;1
50.0;22;0.06920348;0.95254472;1.05739053;1
50.0;23;0.06788238;0.95564788;1.05982309;1
50.0;24;0.06774189;0.95745482;1.05891243;1
50.0;25;0.06867264;0.95812186;1.05492508;1
50.0;26;0.07061494;0.95777246;1.04789793;1
50.0;27;0.07340614;0.95650205;1.03876928;1
50.0;28;0.07240176;0.9587667;1.04077947;1
50.0;29;0.07192022;0.96038993;1.04175097;1
50.0;30;0.07255072;0.96102072;1.03919999;1
50.0;31;0.07443641;0.96040027;1.03334756;1
50.0;32;0.07512353;0.96086249;1.03079505;1
50.0;33;0.07449442;0.96229274;1.03266334;1
50.0;34;0.07488493;0.96293453;1.03114228;1
50.0;35;0.07598191;0.96305455;1.02723033;2
50.0;36;0.07611177;0.96377983;1.02669843;2
50.0;37;0.0758453;0.96473631;1.02756666;1
50.0;38;0.07645029;0.96513718;1.02537607;2
50.0;39;0.07717054;0.96545078;1.02278062;2
50.0;40;0.07677333;0.96633838;1.02425749;2
50.0;41;0.07696889;0.96690228;1.02357847;2
50.0;42;0.07770427;0.96719142;1.02091017;1
50.0;43;0.07748715;0.96787583;1.02182164;1
50.0;44;0.07761378;0.96840527;1.02143876;1
50.0;45;0.07816087;0.96875981;1.01945852;1
50.0;46;0.07803621;0.96932188;1.02008099;1
50.0;47;0.07813859;0.96980178;1.01982194;1
50.0;48;0.07858579;0.97017052;1.01821495;1
50.0;49;0.07847716;0.97065741;1.018819;1
50.0;50;0.07867726;0.97107015;1.01818796;1
50.0;60;0.07990042;0.97466962;1.01520688;1
50.0;70;0.080728;0.97739473;1.01393915;3
50.0;80;0.08142741;0.97950015;1.01317443;2
50.0;90;0.08331449;0.98015414;1.00956016;1
50.0;100;0.08387444;0.98154519;1.00910768;1
50.0;150;0.08582343;0.98564167;1.00869914;3
50.0;200;0.0870283;0.98732958;1.00939463;3
50.0;250;0.08785296;0.98781163;1.01052368;3
50.0;300;0.08846592;0.98765561;1.01175813;3
50.0;400;0.08933878;0.98643066;1.01414675;1
50.0;500;0.0898873;0.98373399;1.01711397;3
100.0;3;-0.10485006;0.98361701;2.30085335;2
100.0;4;0.02828316;0.87166152;1.55449301;2
100.0;5;0.02503116;0.8965194;1.41600035;1
100.0;6;0.02173856;0.91517244;1.34040105;1
100.0;7;0.0199225;0.92839836;1.29049057;1
100.0;8;0.01965342;0.93741525;1.25297882;1
100.0;9;0.02137915;0.94248819;1.22031858;1
100.0;10;0.02569625;0.94349997;1.18720182;1
100.0;11;0.03290912;0.94057577;1.15034382;1
100.0;12;0.04219347;0.93505343;1.10998658;1
100.0;13;0.05367208;0.92733144;1.06381073;1
100.0;14;0.04976199;0.93406827;1.06726489;1
100.0;15;0.04557894;0.94082258;1.07257544;1
100.0;16;0.04642767;0.9428287;1.06296854;1
100.0;17;0.05116055;0.94159118;1.04118896;1
100.0;18;0.04984914;0.94461312;1.04081767;1
100.0;19;0.04740112;0.94835886;1.04480993;1
100.0;20;0.04898991;0.94935892;1.0351139;1
100.0;21;0.05017169;0.95042682;1.02734149;1
100.0;22;0.04775374;0.95325481;1.03316571;1
100.0;23;0.04865186;0.95448115;1.02689849;1
100.0;24;0.04930274;0.95564571;1.02191953;2
100.0;25;0.0475859;0.9575483;1.02629683;1
100.0;26;0.048737;0.95860321;1.0196307;1
100.0;27;0.04793152;0.95988737;1.0210643;1
100.0;28;0.04768455;0.96110804;1.02031725;1
100.0;29;0.04850805;0.96213661;1.01537785;1
100.0;30;0.04728047;0.96314901;1.01910962;1
100.0;31;0.04817306;0.96421339;1.01401299;1
100.0;32;0.04734982;0.96498117;1.01642266;1
100.0;33;0.04748998;0.96590689;1.01472316;1
100.0;34;0.0474684;0.9666839;1.01388843;1
100.0;35;0.04723643;0.96741711;1.01401544;1
100.0;36;0.04741842;0.96819497;1.01242063;1
100.0;37;0.0470553;0.9687526;1.01332903;1
100.0;38;0.04739551;0.96957048;1.01111188;1
100.0;39;0.04693183;0.96995012;1.01265627;1
100.0;40;0.04708553;0.97061297;1.01140863;1
100.0;41;0.04689985;0.97106863;1.01177678;1
100.0;42;0.04703427;0.97168333;1.01069615;1
100.0;43;0.04688754;0.97209411;1.01097948;1
100.0;44;0.04696059;0.97262165;1.01026437;1
100.0;45;0.04700224;0.97314759;1.00969757;1
100.0;46;0.04694796;0.97352169;1.00967022;1
100.0;47;0.046997;0.97401685;1.0091242;1
100.0;48;0.04699921;0.97441605;1.00886317;2
100.0;49;0.04703574;0.97486405;1.0084291;1
100.0;50;0.04705038;0.97524924;1.008146;1
100.0;60;0.04716564;0.97848601;1.0062655;1
100.0;70;0.04728849;0.98085017;1.00530866;1
100.0;80;0.04737362;0.98239463;1.00519698;1
100.0;90;0.04752638;0.98370639;1.00495966;1
100.0;100;0.04769828;0.98479119;1.00475535;1
100.0;150;0.04847744;0.98779925;1.0047234;1
100.0;200;0.04909193;0.98894948;1.00518764;3
100.0;250;0.04954879;0.98898005;1.00606291;3
100.0;300;0.04991515;0.98861021;1.00692879;3
100.0;400;0.05044093;0.98654768;1.00905201;3
100.0;500;0.0508252;0.98414373;1.01094871;3
